2 0.551432 0.194661 0.543620 0.202474 0.543620 0.210286 0.550781 0.238932 0.569661 0.279297 0.572917 0.290365 0.591797 0.328776 0.594401 0.340495 0.609375 0.367839 0.616536 0.388672 0.621094 0.391927 0.627604 0.391927 0.665365 0.383464 0.669271 0.378906 0.671224 0.372396 0.669271 0.333984 0.598307 0.192057 0.594401 0.187500 0.587240 0.186849
1 0.822917 0.604818 0.817708 0.610026 0.814453 0.617188 0.813802 0.621094 0.815755 0.632812 0.821615 0.642578 0.826823 0.656901 0.826823 0.659505 0.841797 0.686849 0.845052 0.697266 0.850260 0.701172 0.860677 0.703125 0.867188 0.703125 0.871745 0.701823 0.899740 0.702474 0.901042 0.697917 0.897135 0.688802 0.893880 0.675781 0.879557 0.646484 0.873047 0.628255 0.864583 0.620443 0.858724 0.613281 0.856771 0.609375 0.849609 0.602865 0.841146 0.600260 0.835938 0.600260 0.828125 0.602214
1 0.657552 0.447917 0.651693 0.453776 0.652344 0.464844 0.660156 0.485026 0.661458 0.486328 0.669922 0.504557 0.672526 0.513021 0.673177 0.518880 0.677734 0.528646 0.680339 0.531250 0.686849 0.533203 0.696615 0.533203 0.708984 0.530599 0.714193 0.528646 0.718750 0.524089 0.720052 0.520182 0.720052 0.513021 0.714193 0.496745 0.710286 0.488932 0.709635 0.485677 0.705729 0.478516 0.703776 0.472005 0.703125 0.464844 0.699870 0.462240 0.698568 0.459635 0.695312 0.456380 0.690104 0.447266 0.687500 0.445312 0.681641 0.443359 0.675130 0.442708 0.666016 0.444661
1 0.893880 0.514974 0.890625 0.518229 0.889974 0.525391 0.891927 0.531901 0.891927 0.541016 0.893229 0.545573 0.901693 0.552734 0.904297 0.559896 0.906901 0.563151 0.909505 0.572917 0.913411 0.578776 0.914714 0.584635 0.920573 0.591797 0.923828 0.597656 0.925781 0.604167 0.929036 0.608073 0.930990 0.612630 0.936849 0.617188 0.947917 0.620443 0.959635 0.620443 0.968750 0.618490 0.979818 0.611979 0.981771 0.610026 0.983073 0.606120 0.983073 0.600911 0.981120 0.595052 0.967448 0.568359 0.962240 0.561198 0.958984 0.553385 0.957031 0.551432 0.953776 0.541016 0.950521 0.538411 0.945312 0.529948 0.931641 0.516927 0.926432 0.513021 0.919271 0.510417 0.904948 0.510417
1 0.621094 0.595703 0.616536 0.598958 0.613932 0.605469 0.615234 0.623047 0.616536 0.628906 0.620443 0.636719 0.621745 0.643880 0.625000 0.651042 0.626953 0.660156 0.632161 0.675130 0.632161 0.677734 0.639323 0.698568 0.643229 0.701823 0.647786 0.703125 0.671875 0.703125 0.687500 0.701823 0.689453 0.698568 0.689453 0.693359 0.686849 0.680990 0.685547 0.679036 0.681641 0.663411 0.679688 0.660807 0.676432 0.648438 0.673828 0.642578 0.670573 0.627604 0.668620 0.625000 0.666016 0.616536 0.662109 0.610026 0.659505 0.600260 0.653646 0.593750 0.648438 0.591146 0.632161 0.591797
1 0.836589 0.415365 0.831380 0.420573 0.830078 0.426432 0.830729 0.437500 0.833333 0.442708 0.837891 0.446615 0.839193 0.450521 0.842448 0.453776 0.844401 0.458984 0.850260 0.469401 0.853516 0.472005 0.859375 0.486328 0.861328 0.488281 0.874349 0.491536 0.880208 0.491536 0.880859 0.490885 0.891927 0.489583 0.899740 0.486328 0.904948 0.480469 0.904948 0.473958 0.902995 0.468099 0.889974 0.441406 0.885417 0.435547 0.883464 0.430990 0.871094 0.417969 0.860677 0.410156 0.857422 0.410156 0.856771 0.409505 0.851562 0.410156
1 0.735677 0.590495 0.733073 0.593099 0.729167 0.600260 0.730469 0.615885 0.736328 0.632161 0.738932 0.636068 0.741536 0.645182 0.743490 0.647135 0.751953 0.666016 0.752604 0.670573 0.758464 0.686849 0.763021 0.694010 0.769531 0.699870 0.777344 0.701172 0.789714 0.701172 0.800130 0.697917 0.809896 0.688151 0.810547 0.680339 0.806641 0.667318 0.804688 0.664714 0.799479 0.649089 0.793620 0.636719 0.790365 0.625000 0.785156 0.613932 0.775391 0.598307 0.768880 0.591146 0.763672 0.587891 0.750000 0.587240 0.740234 0.588542
1 0.735026 0.415365 0.728516 0.419922 0.725260 0.425130 0.724609 0.429036 0.725260 0.440755 0.732422 0.451823 0.736328 0.462891 0.744141 0.475260 0.746745 0.486328 0.751953 0.496745 0.757812 0.503255 0.764323 0.505208 0.777344 0.505208 0.779297 0.505859 0.790365 0.502604 0.796224 0.496745 0.796875 0.492839 0.796224 0.486979 0.790365 0.471354 0.781901 0.455078 0.779297 0.447917 0.776693 0.444661 0.774740 0.436849 0.770182 0.430339 0.768229 0.425781 0.763021 0.419922 0.756510 0.414714 0.742839 0.413411
1 0.300781 0.263672 0.298828 0.264974 0.281250 0.268880 0.276693 0.273438 0.276693 0.285156 0.277344 0.285807 0.277344 0.291016 0.277995 0.291667 0.277995 0.314453 0.280599 0.321615 0.280599 0.327474 0.281250 0.328125 0.281901 0.335286 0.285156 0.342448 0.290365 0.346354 0.292318 0.346354 0.292969 0.347005 0.295573 0.347005 0.296224 0.347656 0.306641 0.347656 0.309245 0.346354 0.311198 0.346354 0.316406 0.343750 0.320964 0.339844 0.322917 0.335938 0.322917 0.324219 0.322266 0.323568 0.320312 0.312500 0.319661 0.311849 0.317708 0.294922 0.316406 0.292318 0.314453 0.281250 0.313151 0.278646 0.311198 0.269531 0.306641 0.263672
1 0.680339 0.306641 0.678385 0.311849 0.679688 0.322917 0.686849 0.336589 0.690104 0.340495 0.692057 0.345703 0.697266 0.352214 0.697917 0.354818 0.700521 0.359375 0.700521 0.360677 0.703125 0.364583 0.703125 0.366536 0.708984 0.371745 0.715495 0.373698 0.716146 0.373047 0.723958 0.373047 0.724609 0.372396 0.731120 0.371745 0.733073 0.370443 0.738281 0.369141 0.742839 0.366536 0.744792 0.360677 0.741536 0.349609 0.740234 0.348307 0.736979 0.341146 0.733724 0.337240 0.731771 0.330729 0.728516 0.326172 0.725260 0.319661 0.720052 0.311849 0.713542 0.304688 0.708333 0.301432 0.706380 0.301432 0.703125 0.300130 0.695312 0.300130 0.688151 0.302083
1 0.578125 0.441406 0.573568 0.444661 0.570964 0.448568 0.569010 0.453776 0.568359 0.461589 0.570964 0.470052 0.576172 0.478516 0.578776 0.487630 0.580729 0.490885 0.583984 0.505859 0.587240 0.513672 0.589193 0.524089 0.591146 0.525391 0.594401 0.531901 0.599609 0.535807 0.622396 0.535156 0.632812 0.529948 0.635417 0.526042 0.635417 0.518229 0.633464 0.513672 0.632812 0.506510 0.623047 0.483073 0.621745 0.475911 0.619792 0.472656 0.617839 0.464844 0.613281 0.456380 0.612630 0.453125 0.609375 0.446615 0.605469 0.442057 0.600260 0.439453 0.592448 0.438802
1 0.492839 0.251953 0.487630 0.257161 0.486979 0.261719 0.486328 0.262370 0.486979 0.268229 0.488932 0.272135 0.488932 0.274089 0.491536 0.278646 0.491536 0.279948 0.497396 0.289714 0.503906 0.298828 0.505859 0.303385 0.505859 0.305339 0.509766 0.309896 0.510417 0.311849 0.513672 0.315104 0.520182 0.317708 0.538411 0.317708 0.546875 0.314453 0.551432 0.309245 0.551432 0.299479 0.545573 0.285807 0.542969 0.282552 0.541016 0.277995 0.538411 0.274740 0.535807 0.269531 0.535807 0.267578 0.533854 0.263021 0.527344 0.255208 0.526042 0.252604 0.522135 0.249349 0.518229 0.247396 0.514974 0.247396 0.514323 0.246745 0.503906 0.247396 0.499349 0.249349 0.497396 0.249349
1 0.531901 0.338542 0.529948 0.340495 0.527995 0.344401 0.527995 0.354167 0.528646 0.354818 0.528646 0.358073 0.533854 0.369141 0.536458 0.372396 0.539062 0.377604 0.539062 0.379557 0.540365 0.381510 0.540365 0.382812 0.544922 0.390625 0.548828 0.405599 0.551432 0.408854 0.558594 0.409505 0.562500 0.408203 0.568359 0.408203 0.579427 0.404948 0.583984 0.400391 0.583984 0.389974 0.582031 0.386068 0.581380 0.382812 0.578776 0.378906 0.578776 0.377604 0.573568 0.367188 0.572917 0.363932 0.571615 0.362630 0.571615 0.361328 0.570312 0.359375 0.567708 0.348958 0.562500 0.339193 0.556641 0.335286 0.550781 0.333333 0.540365 0.333984 0.539062 0.335286 0.536458 0.335938
3 0.660807 0.180339 0.654297 0.181641 0.639974 0.182292 0.627604 0.185547 0.623698 0.189453 0.621745 0.203125 0.622396 0.210938 0.625651 0.216797 0.626953 0.223958 0.631510 0.236328 0.641276 0.255208 0.647135 0.268880 0.651042 0.274089 0.654297 0.276042 0.662109 0.276042 0.670573 0.274740 0.675130 0.272786 0.686198 0.270833 0.692708 0.267578 0.695312 0.263672 0.697266 0.244141 0.697266 0.232422 0.694661 0.224609 0.688151 0.216146 0.688151 0.214844 0.684896 0.210286 0.673177 0.186849 0.667969 0.181641
1 0.817708 0.292318 0.811849 0.287760 0.808594 0.287109 0.805339 0.285156 0.794922 0.284505 0.791016 0.283203 0.787109 0.283854 0.781250 0.287760 0.774089 0.289714 0.764323 0.300130 0.751953 0.309896 0.744141 0.317708 0.743490 0.319661 0.740885 0.322917 0.740885 0.325521 0.740234 0.326172 0.740234 0.330729 0.741536 0.333984 0.746745 0.339844 0.757812 0.345703 0.761068 0.346354 0.763021 0.347656 0.770833 0.347656 0.771484 0.347005 0.774089 0.347005 0.778646 0.345703 0.787760 0.337240 0.792318 0.334635 0.794271 0.332031 0.802083 0.327474 0.809896 0.319661 0.813151 0.318359 0.818359 0.313802 0.820312 0.308594 0.820312 0.302734 0.820964 0.301432 0.820312 0.300781 0.819661 0.296224
1 0.916016 0.267578 0.910807 0.261719 0.905599 0.259766 0.876302 0.259766 0.867188 0.263021 0.858073 0.267578 0.854167 0.268229 0.847005 0.272135 0.845703 0.272135 0.843099 0.274089 0.841797 0.274089 0.835286 0.277995 0.833984 0.279297 0.832031 0.284505 0.832682 0.291667 0.833984 0.294271 0.841797 0.302083 0.845703 0.304036 0.853516 0.304688 0.854167 0.305339 0.856120 0.305339 0.859375 0.307292 0.866536 0.307292 0.869792 0.304688 0.875000 0.302083 0.878255 0.301432 0.884115 0.298177 0.891276 0.296224 0.895833 0.293620 0.903646 0.292318 0.908854 0.290365 0.910807 0.288411 0.914714 0.278646 0.915365 0.272786 0.916016 0.272135
1 0.458984 0.163411 0.456380 0.166667 0.455729 0.171875 0.455078 0.172526 0.455729 0.183594 0.456380 0.184245 0.456380 0.186198 0.457682 0.188802 0.457682 0.190755 0.458333 0.191406 0.458984 0.194661 0.460286 0.195964 0.460938 0.198568 0.462240 0.200521 0.462240 0.201823 0.466146 0.209635 0.467448 0.210938 0.468099 0.213542 0.470052 0.216797 0.473958 0.220703 0.475260 0.221354 0.479167 0.221354 0.479818 0.222005 0.488932 0.222005 0.489583 0.221354 0.493490 0.221354 0.494141 0.220703 0.498698 0.220052 0.500651 0.218099 0.501302 0.218099 0.503906 0.214844 0.503906 0.212891 0.505208 0.209635 0.505208 0.203776 0.504557 0.203125 0.504557 0.201172 0.503906 0.200521 0.503906 0.198568 0.503255 0.197917 0.502604 0.194661 0.500651 0.191406 0.500651 0.188802 0.500000 0.188151 0.500000 0.184896 0.499349 0.184245 0.498698 0.178385 0.497396 0.175130 0.494792 0.171224 0.489583 0.166016 0.488932 0.164714 0.488281 0.164714 0.485677 0.162109 0.480469 0.159505 0.470052 0.159505 0.469401 0.160156 0.464193 0.160807
1 0.263672 0.083333 0.262370 0.083333 0.261719 0.083984 0.257812 0.083984 0.255208 0.085286 0.253255 0.085286 0.252604 0.085938 0.247396 0.087240 0.245443 0.089193 0.245443 0.091146 0.244141 0.093750 0.244141 0.097005 0.243490 0.097656 0.243490 0.119792 0.244141 0.120443 0.244141 0.123047 0.244792 0.123698 0.245443 0.127604 0.246745 0.130208 0.247396 0.135417 0.248698 0.138021 0.248698 0.139974 0.249349 0.140625 0.250000 0.143880 0.252604 0.147786 0.253906 0.147786 0.255859 0.149089 0.266927 0.149089 0.267578 0.148438 0.269531 0.148438 0.270182 0.147786 0.272135 0.147786 0.275391 0.146484 0.279297 0.146484 0.279948 0.145833 0.285156 0.144531 0.286458 0.141276 0.286458 0.136068 0.285807 0.135417 0.285807 0.132161 0.285156 0.131510 0.284505 0.123047 0.283854 0.122396 0.283854 0.119792 0.283203 0.119141 0.283203 0.116536 0.282552 0.115885 0.281901 0.111328 0.279948 0.106120 0.279297 0.100911 0.277344 0.097656 0.277344 0.096354 0.273438 0.089844 0.268880 0.085286
1 0.544922 0.132812 0.540365 0.137370 0.540365 0.138672 0.539714 0.139323 0.540365 0.149740 0.541016 0.150391 0.541667 0.154297 0.542969 0.156250 0.543620 0.159505 0.544922 0.161458 0.546224 0.166667 0.548177 0.169271 0.548828 0.173177 0.549479 0.173828 0.549479 0.175781 0.550130 0.176432 0.550130 0.178385 0.550781 0.179036 0.550781 0.180990 0.552734 0.185547 0.555990 0.188151 0.563802 0.188151 0.564453 0.187500 0.569010 0.187500 0.569661 0.186849 0.572917 0.186849 0.576172 0.185547 0.578776 0.185547 0.579427 0.184896 0.583333 0.184245 0.585938 0.182943 0.587240 0.181641 0.587240 0.173177 0.586589 0.172526 0.586589 0.169922 0.585286 0.167969 0.585286 0.166667 0.583984 0.164062 0.583984 0.162109 0.581380 0.157552 0.580729 0.153646 0.580078 0.152995 0.580078 0.151042 0.578776 0.148438 0.578776 0.146484 0.576172 0.139974 0.576172 0.138021 0.574870 0.136068 0.570964 0.132812 0.563151 0.132161 0.562500 0.131510 0.550781 0.131510 0.550130 0.132161
1 0.652995 0.076823 0.652344 0.078125 0.652344 0.080078 0.651693 0.080729 0.651693 0.084635 0.652344 0.085286 0.652344 0.088542 0.653646 0.091146 0.654297 0.095052 0.657552 0.099609 0.658203 0.102214 0.658854 0.102865 0.658854 0.104167 0.660156 0.106771 0.661458 0.108073 0.665365 0.115885 0.665365 0.117188 0.667318 0.121094 0.668620 0.122396 0.669271 0.122396 0.670573 0.123698 0.671875 0.123698 0.672526 0.123047 0.674479 0.123047 0.675130 0.122396 0.677083 0.122396 0.677734 0.121745 0.680339 0.121745 0.680990 0.121094 0.684896 0.121094 0.685547 0.120443 0.693359 0.119792 0.695964 0.118490 0.697917 0.118490 0.700521 0.116536 0.700521 0.114583 0.701172 0.113932 0.701172 0.110026 0.700521 0.109375 0.699870 0.104818 0.698568 0.102214 0.698568 0.100260 0.695964 0.095052 0.693359 0.091797 0.692708 0.089844 0.689453 0.086589 0.686849 0.081380 0.682292 0.076172 0.679036 0.074870 0.676432 0.072917 0.673828 0.072917 0.673177 0.072266 0.664062 0.072266 0.663411 0.072917 0.660156 0.072917 0.656901 0.074870 0.654297 0.075521
1 0.595052 0.119792 0.592448 0.122396 0.591797 0.125000 0.590495 0.126953 0.590495 0.130859 0.591146 0.131510 0.591797 0.138021 0.593750 0.141927 0.593750 0.143229 0.596354 0.147786 0.596354 0.149089 0.598307 0.152344 0.598307 0.153646 0.600260 0.156901 0.600260 0.158203 0.603516 0.162760 0.604818 0.166016 0.606771 0.167318 0.608073 0.167318 0.610677 0.168620 0.618490 0.168620 0.619141 0.167969 0.624349 0.167969 0.625000 0.167318 0.628255 0.167318 0.628906 0.166667 0.630208 0.166667 0.632812 0.165365 0.634115 0.164062 0.635417 0.161458 0.635417 0.157552 0.636068 0.156901 0.635417 0.151042 0.634766 0.150391 0.634766 0.148438 0.633464 0.146484 0.633464 0.145182 0.627604 0.134115 0.627604 0.132812 0.626302 0.131510 0.623047 0.125000 0.617188 0.119792 0.615885 0.119792 0.615234 0.119141 0.612630 0.119141 0.611979 0.118490 0.606771 0.118490 0.605469 0.117839 0.604818 0.118490 0.599609 0.118490 0.597005 0.119792
1 0.431641 0.113281 0.429036 0.116536 0.429036 0.119792 0.428385 0.120443 0.428385 0.122396 0.429036 0.123047 0.429036 0.125000 0.429688 0.125651 0.429688 0.127604 0.430339 0.128255 0.430990 0.132812 0.431641 0.133464 0.431641 0.134766 0.432943 0.136068 0.434896 0.139974 0.435547 0.143229 0.438802 0.147786 0.442708 0.156250 0.445312 0.157552 0.446615 0.157552 0.447266 0.158203 0.452474 0.158203 0.453125 0.157552 0.454427 0.157552 0.457031 0.156250 0.459635 0.156250 0.460286 0.155599 0.465495 0.155599 0.468099 0.153646 0.469401 0.153646 0.470703 0.152344 0.472005 0.149740 0.472005 0.143229 0.471354 0.142578 0.471354 0.141276 0.470703 0.140625 0.470703 0.139323 0.470052 0.138672 0.469401 0.136068 0.468099 0.134766 0.467448 0.132812 0.464844 0.129557 0.464844 0.127604 0.464193 0.126953 0.464193 0.125000 0.463542 0.124349 0.463542 0.123047 0.462240 0.121094 0.460938 0.115885 0.458984 0.113281 0.458984 0.112630 0.453776 0.108724 0.451823 0.108724 0.451172 0.108073 0.449219 0.108073 0.447917 0.107422 0.447266 0.108073 0.444661 0.108073 0.444010 0.108724 0.442057 0.108724 0.441406 0.109375 0.436849 0.110026 0.434245 0.111328 0.432292 0.113281
1 0.464193 0.071615 0.463542 0.072917 0.463542 0.082031 0.464193 0.082682 0.464193 0.085938 0.465495 0.087891 0.465495 0.089193 0.466797 0.091146 0.466797 0.092448 0.469401 0.097656 0.469401 0.098958 0.471354 0.101562 0.473307 0.105469 0.474609 0.110677 0.479167 0.115234 0.479818 0.115234 0.481120 0.116536 0.491536 0.116536 0.492188 0.115885 0.494792 0.115885 0.495443 0.115234 0.498047 0.115234 0.498698 0.114583 0.501953 0.114583 0.507812 0.111328 0.507812 0.110026 0.509115 0.107422 0.509115 0.104167 0.508464 0.103516 0.507812 0.097005 0.505208 0.092448 0.504557 0.089193 0.502604 0.085286 0.502604 0.083333 0.498698 0.075521 0.494141 0.070312 0.493490 0.070312 0.491536 0.068359 0.488932 0.067708 0.488281 0.067057 0.476562 0.067057 0.475911 0.067708 0.473307 0.067708 0.471354 0.069010 0.469401 0.069010
1 0.686849 0.130208 0.682943 0.138021 0.682943 0.143229 0.683594 0.143880 0.684245 0.148438 0.686849 0.152995 0.686849 0.154297 0.690104 0.157552 0.692708 0.163411 0.695964 0.167318 0.697917 0.171875 0.701823 0.175781 0.701823 0.176432 0.703125 0.177083 0.705078 0.177083 0.705729 0.177734 0.718099 0.177734 0.718750 0.177083 0.721354 0.177083 0.722005 0.176432 0.725911 0.175781 0.730469 0.173177 0.731771 0.170573 0.730469 0.160156 0.729818 0.159505 0.729818 0.158203 0.729167 0.157552 0.729167 0.156250 0.728516 0.155599 0.727214 0.150391 0.725260 0.147135 0.725260 0.145833 0.723958 0.143229 0.722656 0.141927 0.721354 0.139323 0.721354 0.138021 0.719401 0.135417 0.718750 0.135417 0.715495 0.132161 0.709635 0.129557 0.708333 0.128255 0.707031 0.128255 0.703125 0.126302 0.701172 0.126302 0.700521 0.126953 0.694661 0.126953 0.694010 0.127604 0.692057 0.127604
1 0.509766 0.050781 0.508464 0.052083 0.508464 0.052734 0.507812 0.053385 0.507812 0.054688 0.507161 0.055339 0.507161 0.059245 0.507812 0.059896 0.507812 0.063151 0.508464 0.063802 0.508464 0.064453 0.509115 0.065104 0.509115 0.066406 0.511068 0.069661 0.511068 0.070964 0.511719 0.071615 0.511719 0.072917 0.512370 0.073568 0.512370 0.074870 0.513021 0.075521 0.513672 0.078776 0.515625 0.082031 0.515625 0.083333 0.516276 0.083984 0.516276 0.085938 0.516927 0.086589 0.516927 0.087891 0.517578 0.088542 0.517578 0.089193 0.518880 0.090495 0.520182 0.090495 0.520833 0.091146 0.523438 0.091146 0.524089 0.091797 0.531250 0.091797 0.531901 0.091146 0.536458 0.091146 0.537109 0.090495 0.540365 0.090495 0.541016 0.089844 0.542318 0.089844 0.542969 0.089193 0.543620 0.089193 0.543620 0.088542 0.545573 0.086589 0.545573 0.085286 0.546224 0.084635 0.546224 0.076823 0.545573 0.076172 0.545573 0.072917 0.544271 0.070964 0.544271 0.069010 0.541667 0.064453 0.541667 0.063151 0.541016 0.062500 0.537109 0.054036 0.535807 0.052734 0.535807 0.052083 0.534505 0.050781 0.533854 0.050781 0.532552 0.049479 0.530599 0.048828 0.529297 0.047526 0.525391 0.047526 0.524740 0.046875 0.521484 0.046875 0.520833 0.046224 0.518229 0.046224 0.516927 0.047526 0.516276 0.047526 0.514323 0.048828 0.513021 0.048828 0.511719 0.050130
1 0.406901 0.046875 0.404297 0.049479 0.404297 0.059896 0.404948 0.060547 0.404948 0.062500 0.406250 0.064453 0.406250 0.065755 0.406901 0.066406 0.406901 0.067708 0.407552 0.068359 0.407552 0.069661 0.408203 0.070312 0.408203 0.071615 0.408854 0.072266 0.408854 0.074219 0.409505 0.074870 0.409505 0.076823 0.410156 0.077474 0.410807 0.080729 0.411458 0.081380 0.412760 0.084635 0.413411 0.084635 0.415365 0.086589 0.431641 0.086589 0.432292 0.085938 0.435547 0.085938 0.436198 0.085286 0.438151 0.085286 0.438802 0.084635 0.439453 0.084635 0.440755 0.083333 0.440755 0.082031 0.441406 0.081380 0.441406 0.080078 0.442057 0.079427 0.442057 0.076823 0.441406 0.076172 0.441406 0.072917 0.440755 0.072266 0.440755 0.070964 0.440104 0.070312 0.440104 0.068359 0.439453 0.067708 0.439453 0.066406 0.438151 0.064453 0.438151 0.063151 0.437500 0.062500 0.437500 0.061198 0.436849 0.060547 0.436849 0.058594 0.436198 0.057943 0.436198 0.055990 0.435547 0.055339 0.435547 0.052734 0.434896 0.052083 0.434896 0.050781 0.432943 0.048177 0.432943 0.047526 0.425781 0.043620 0.418620 0.043620 0.417969 0.044271 0.414714 0.044271 0.414062 0.044922 0.410156 0.044922 0.407552 0.046875
1 0.954427 0.648438 0.953125 0.649740 0.952474 0.652995 0.951823 0.653646 0.951823 0.666016 0.952474 0.666667 0.952474 0.672526 0.953125 0.673177 0.953125 0.677083 0.953776 0.677734 0.953776 0.679036 0.958984 0.688802 0.960286 0.688802 0.962891 0.690104 0.966797 0.694661 0.968750 0.699219 0.970052 0.700521 0.972656 0.701172 0.974609 0.702474 0.975911 0.702474 0.976562 0.703125 0.986328 0.703125 0.986979 0.703776 0.995443 0.703776 0.996094 0.704427 0.999349 0.704427 0.999349 0.643880 0.996745 0.643880 0.993490 0.641276 0.989583 0.640625 0.986979 0.639323 0.977214 0.638672 0.976562 0.639323 0.972656 0.639323 0.972005 0.639974 0.967448 0.640625 0.964193 0.642578 0.958984 0.647135
1 0.393880 0.000000 0.393880 0.003906 0.393229 0.004557 0.393229 0.007161 0.392578 0.007812 0.393229 0.008464 0.393229 0.011719 0.393880 0.012370 0.393880 0.014974 0.394531 0.015625 0.394531 0.017578 0.395182 0.018229 0.395182 0.019531 0.395833 0.020182 0.395833 0.021484 0.396484 0.022135 0.396484 0.023438 0.397135 0.024089 0.397135 0.025391 0.397786 0.026042 0.397786 0.027344 0.398438 0.027995 0.398438 0.029948 0.399089 0.030599 0.399089 0.031901 0.399740 0.032552 0.399740 0.033203 0.400391 0.033854 0.400391 0.035156 0.401693 0.036458 0.401693 0.037109 0.404297 0.039714 0.412109 0.039714 0.412760 0.039062 0.415365 0.039062 0.416016 0.038411 0.417969 0.038411 0.418620 0.037760 0.420573 0.037760 0.421224 0.037109 0.423177 0.037109 0.423828 0.036458 0.425130 0.036458 0.425781 0.035807 0.426432 0.035807 0.426432 0.035156 0.427083 0.034505 0.427083 0.033203 0.427734 0.032552 0.427734 0.031250 0.428385 0.030599 0.428385 0.026693 0.427734 0.026042 0.427734 0.020833 0.427083 0.020182 0.427083 0.016927 0.426432 0.016276 0.426432 0.014323 0.425781 0.013672 0.425781 0.012370 0.424479 0.010417 0.424479 0.009115 0.423177 0.007161 0.423177 0.005859 0.422526 0.005208 0.421875 0.003255 0.420573 0.001953 0.420573 0.000000
1 0.871745 0.173828 0.871745 0.186198 0.873698 0.188802 0.878255 0.189453 0.878906 0.188802 0.882161 0.188802 0.882812 0.188151 0.887370 0.188151 0.888021 0.187500 0.893880 0.187500 0.894531 0.186849 0.898438 0.186849 0.899089 0.186198 0.912109 0.186198 0.912760 0.186849 0.916016 0.186849 0.916667 0.186198 0.917969 0.186198 0.918620 0.185547 0.921224 0.184896 0.926432 0.179036 0.927083 0.176432 0.927734 0.175781 0.927734 0.173177 0.928385 0.172526 0.928385 0.167969 0.927734 0.167318 0.927734 0.165365 0.927083 0.164062 0.921224 0.158854 0.919922 0.158854 0.919271 0.158203 0.917969 0.158203 0.915365 0.156901 0.913411 0.156901 0.910156 0.154948 0.904297 0.154948 0.903646 0.154297 0.898438 0.153646 0.897786 0.152995 0.895833 0.152995 0.895182 0.152344 0.890625 0.152344 0.889974 0.152995 0.888021 0.152995 0.887370 0.153646 0.883464 0.154297 0.882161 0.155599 0.879557 0.156901 0.878255 0.156901 0.877604 0.157552 0.876953 0.160156 0.873698 0.166016 0.873698 0.167969 0.873047 0.168620 0.873047 0.169922 0.872396 0.170573 0.872396 0.173177
1 0.819010 0.100260 0.819010 0.106120 0.820312 0.107422 0.820312 0.108073 0.823568 0.111328 0.824219 0.111328 0.829427 0.117188 0.830078 0.117188 0.832031 0.119141 0.833984 0.123698 0.834635 0.123698 0.838542 0.127604 0.839844 0.128255 0.841146 0.128255 0.843750 0.129557 0.856120 0.129557 0.856771 0.128906 0.863932 0.128906 0.864583 0.128255 0.873047 0.128255 0.873698 0.127604 0.876302 0.126953 0.878255 0.125000 0.879557 0.122396 0.880208 0.118490 0.880859 0.117839 0.880859 0.111979 0.879557 0.109375 0.876302 0.106120 0.874349 0.105469 0.873047 0.104167 0.870443 0.102865 0.867839 0.102214 0.866536 0.100911 0.862630 0.100260 0.861979 0.099609 0.859375 0.099609 0.858724 0.098958 0.856771 0.098958 0.856120 0.098307 0.854167 0.098307 0.853516 0.097656 0.851562 0.097656 0.850911 0.097005 0.840495 0.097005 0.839844 0.097656 0.834635 0.097656 0.833984 0.098307 0.830078 0.098307 0.829427 0.098958 0.822917 0.098958 0.822266 0.099609 0.820312 0.099609
1 0.488281 0.000000 0.488281 0.008464 0.488932 0.009115 0.488932 0.011068 0.489583 0.011719 0.489583 0.013021 0.490234 0.013672 0.490234 0.014974 0.490885 0.015625 0.490885 0.016927 0.491536 0.017578 0.491536 0.018880 0.492839 0.020182 0.492839 0.020833 0.493490 0.021484 0.493490 0.022786 0.494141 0.023438 0.494141 0.024740 0.494792 0.025391 0.494792 0.026042 0.496094 0.027344 0.496745 0.029297 0.497396 0.029297 0.498047 0.029948 0.499349 0.029948 0.500000 0.030599 0.501302 0.030599 0.501953 0.031250 0.505859 0.031250 0.506510 0.030599 0.514323 0.030599 0.514974 0.029948 0.518880 0.029948 0.519531 0.029297 0.521484 0.028646 0.521484 0.027995 0.522786 0.026693 0.522786 0.025391 0.523438 0.024740 0.523438 0.022135 0.524089 0.021484 0.524089 0.014323 0.523438 0.013672 0.523438 0.012370 0.522786 0.011719 0.522786 0.010417 0.522135 0.009766 0.522135 0.007812 0.521484 0.007161 0.521484 0.005859 0.519531 0.002604 0.519531 0.000000
1 0.118490 0.027344 0.117188 0.028646 0.116536 0.028646 0.115885 0.029948 0.115885 0.031250 0.114583 0.033203 0.114583 0.034505 0.113932 0.035156 0.113281 0.038411 0.111328 0.041667 0.111328 0.046875 0.110677 0.047526 0.110677 0.054036 0.110026 0.054688 0.110026 0.060547 0.110677 0.061198 0.110677 0.063151 0.111328 0.063802 0.111328 0.065104 0.113281 0.067057 0.113281 0.067708 0.113932 0.067708 0.115234 0.069010 0.116536 0.069661 0.117839 0.069661 0.123047 0.072266 0.132161 0.072266 0.132812 0.071615 0.134766 0.071615 0.135417 0.070964 0.138021 0.070964 0.141276 0.069010 0.142578 0.069010 0.143880 0.068359 0.145182 0.067057 0.145182 0.065755 0.145833 0.065104 0.145833 0.063151 0.146484 0.062500 0.146484 0.049479 0.147135 0.048828 0.147135 0.035807 0.146484 0.035156 0.145833 0.029297 0.143880 0.026693 0.141927 0.026693 0.141276 0.026042 0.134115 0.026042 0.133464 0.026693 0.132161 0.026693 0.131510 0.026042 0.121094 0.026042
1 0.608724 0.000000 0.608724 0.005859 0.609375 0.006510 0.609375 0.007812 0.610026 0.008464 0.610677 0.010417 0.613932 0.013672 0.613932 0.014323 0.615234 0.015625 0.615234 0.016276 0.615885 0.016927 0.615885 0.018229 0.616536 0.018880 0.616536 0.020182 0.617188 0.020833 0.617188 0.021484 0.618490 0.022786 0.618490 0.024089 0.621745 0.026693 0.622396 0.026693 0.623047 0.026042 0.624349 0.026042 0.625000 0.025391 0.626302 0.025391 0.626953 0.024740 0.639323 0.024740 0.639974 0.024089 0.643880 0.024089 0.646484 0.021484 0.646484 0.020833 0.647135 0.020182 0.647135 0.018880 0.647786 0.018229 0.647786 0.013021 0.647135 0.012370 0.647135 0.009115 0.646484 0.008464 0.646484 0.005859 0.645833 0.005208 0.645833 0.003906 0.645182 0.003255 0.645182 0.000000
1 0.447917 0.008464 0.445964 0.010417 0.445312 0.010417 0.443359 0.012370 0.443359 0.013021 0.442708 0.013672 0.442708 0.025391 0.443359 0.026042 0.443359 0.027344 0.444010 0.027995 0.444010 0.029948 0.444661 0.030599 0.444661 0.032552 0.445312 0.033203 0.445312 0.035156 0.445964 0.035807 0.445964 0.036458 0.447917 0.039714 0.447917 0.041016 0.449870 0.041667 0.451172 0.042969 0.451823 0.042969 0.453776 0.044271 0.454427 0.043620 0.463542 0.043620 0.464193 0.042969 0.469401 0.042969 0.470052 0.042318 0.472005 0.041667 0.473307 0.040365 0.473307 0.038411 0.473958 0.037760 0.473958 0.035807 0.474609 0.035156 0.473958 0.034505 0.473958 0.031901 0.473307 0.031250 0.473307 0.028646 0.472656 0.027995 0.472656 0.026042 0.472005 0.025391 0.472005 0.024089 0.471354 0.023438 0.471354 0.022135 0.470703 0.021484 0.470703 0.020182 0.470052 0.019531 0.470052 0.018880 0.468750 0.017578 0.468750 0.016927 0.468099 0.016276 0.468099 0.015625 0.467448 0.014974 0.466797 0.013021 0.465495 0.011719 0.465495 0.011068 0.463542 0.009766 0.461589 0.009766 0.460938 0.009115 0.459635 0.009115 0.458984 0.008464 0.457031 0.008464 0.456380 0.007812 0.454427 0.007812 0.453776 0.007161 0.453125 0.007161 0.452474 0.007812 0.449870 0.007812 0.449219 0.008464
1 0.784505 0.056641 0.784505 0.061849 0.785807 0.064453 0.787109 0.065755 0.787109 0.067057 0.788411 0.068359 0.788411 0.069010 0.792318 0.072266 0.792318 0.072917 0.794922 0.075521 0.796875 0.078776 0.797526 0.078776 0.801432 0.082031 0.804688 0.082031 0.805339 0.082682 0.811849 0.082682 0.812500 0.082031 0.817708 0.082031 0.818359 0.081380 0.821615 0.081380 0.822266 0.080729 0.827474 0.080729 0.828125 0.081380 0.830729 0.081380 0.831380 0.082031 0.833333 0.082031 0.833984 0.082682 0.835286 0.082682 0.835938 0.082031 0.839844 0.082031 0.843750 0.080078 0.845703 0.078125 0.846354 0.075521 0.847656 0.074219 0.848307 0.071615 0.848958 0.070964 0.848958 0.069661 0.850260 0.067708 0.849609 0.062500 0.847005 0.059896 0.844401 0.058594 0.843099 0.058594 0.840495 0.057292 0.827474 0.057292 0.826823 0.056641 0.824870 0.056641 0.822266 0.055339 0.818359 0.054688 0.817057 0.053385 0.810547 0.050130 0.809245 0.050130 0.807292 0.048828 0.802083 0.048828 0.801432 0.048177 0.800781 0.048828 0.798177 0.048828 0.797526 0.049479 0.794922 0.049479 0.794271 0.050130 0.791667 0.050130 0.791016 0.050781 0.789714 0.050781
1 0.120443 0.000000 0.120443 0.003255 0.119792 0.003906 0.119792 0.005859 0.119141 0.006510 0.119141 0.018229 0.119792 0.018880 0.119792 0.021484 0.120443 0.022135 0.120443 0.022786 0.121745 0.024089 0.128255 0.024089 0.128906 0.024740 0.135417 0.024740 0.136068 0.024089 0.143229 0.024089 0.143880 0.023438 0.145182 0.023438 0.145833 0.022786 0.147135 0.022786 0.147786 0.022135 0.149089 0.022135 0.151042 0.020182 0.151042 0.019531 0.151693 0.018880 0.151693 0.017578 0.152344 0.016927 0.152344 0.013021 0.152995 0.012370 0.152995 0.000000
1 0.761068 0.029297 0.761068 0.032552 0.761719 0.033203 0.761719 0.035156 0.763021 0.036458 0.763021 0.037109 0.765625 0.039714 0.765625 0.040365 0.768229 0.042969 0.768880 0.042969 0.772786 0.046875 0.772786 0.047526 0.774089 0.048828 0.775391 0.048828 0.776042 0.049479 0.776693 0.049479 0.779948 0.052083 0.780599 0.052083 0.781250 0.051432 0.783203 0.051432 0.783854 0.050781 0.785156 0.050781 0.785807 0.050130 0.787109 0.050130 0.787760 0.049479 0.790365 0.049479 0.791016 0.048828 0.792969 0.048828 0.793620 0.048177 0.802734 0.048177 0.803385 0.047526 0.806641 0.046875 0.808594 0.044922 0.808594 0.044271 0.811849 0.041016 0.811849 0.039062 0.811198 0.038411 0.810547 0.035156 0.806641 0.031901 0.804688 0.031250 0.802083 0.029297 0.798828 0.028646 0.795573 0.026693 0.794922 0.027344 0.791016 0.027344 0.790365 0.027995 0.787760 0.026042 0.787109 0.026042 0.784505 0.023438 0.779297 0.023438 0.778646 0.024089 0.770833 0.024089 0.770182 0.024740 0.768880 0.024740 0.765625 0.026693 0.764323 0.026693 0.763672 0.027344 0.763021 0.027344
1 0.999349 0.035807 0.996094 0.035807 0.995443 0.036458 0.991536 0.036458 0.990885 0.037109 0.989583 0.037109 0.988932 0.037760 0.986979 0.037760 0.986328 0.038411 0.984375 0.038411 0.983724 0.039062 0.982422 0.039062 0.981771 0.039714 0.980469 0.039714 0.979818 0.040365 0.978516 0.040365 0.976562 0.041667 0.975260 0.041667 0.974609 0.042318 0.973307 0.042318 0.972656 0.042969 0.970703 0.042969 0.970052 0.043620 0.966797 0.044922 0.965495 0.046224 0.964844 0.046224 0.962240 0.049479 0.962240 0.050781 0.961589 0.051432 0.961589 0.053385 0.960938 0.054036 0.960938 0.055990 0.960286 0.056641 0.960938 0.057292 0.960938 0.058594 0.961589 0.059245 0.961589 0.060547 0.962240 0.061198 0.962240 0.061849 0.964193 0.063802 0.966146 0.063802 0.966797 0.064453 0.967448 0.064453 0.970703 0.066406 0.972005 0.066406 0.973958 0.067708 0.978516 0.067708 0.979167 0.067057 0.980469 0.067057 0.985026 0.064453 0.986328 0.064453 0.987630 0.063151 0.989583 0.062500 0.992188 0.059896 0.994141 0.059245 0.996094 0.057292 0.996745 0.057292 0.997396 0.056641 0.999349 0.056641
1 0.991536 0.059896 0.990885 0.060547 0.990234 0.060547 0.988932 0.061849 0.988281 0.061849 0.986979 0.063151 0.986328 0.063151 0.982422 0.067057 0.982422 0.067708 0.981771 0.068359 0.981771 0.070312 0.981120 0.070964 0.981120 0.074219 0.981771 0.074870 0.981771 0.075521 0.982422 0.076172 0.982422 0.078125 0.985677 0.081380 0.985677 0.082031 0.986979 0.083333 0.987630 0.083333 0.988281 0.083984 0.989583 0.083984 0.990234 0.084635 0.990885 0.084635 0.991536 0.085286 0.994792 0.085286 0.995443 0.085938 0.996745 0.085938 0.997396 0.086589 0.999349 0.086589 0.999349 0.061849 0.996745 0.061849 0.995443 0.060547 0.992839 0.060547 0.992188 0.059896
1 0.745443 0.010417 0.745443 0.013672 0.746745 0.014974 0.746745 0.015625 0.749349 0.018229 0.749349 0.018880 0.751302 0.020833 0.751302 0.021484 0.752604 0.022786 0.752604 0.023438 0.757812 0.028646 0.759766 0.027344 0.761068 0.027344 0.761719 0.026693 0.763021 0.026693 0.763672 0.026042 0.765625 0.026042 0.766276 0.025391 0.768229 0.025391 0.768880 0.024740 0.774740 0.024740 0.775391 0.024089 0.778646 0.024089 0.779297 0.023438 0.783203 0.023438 0.785156 0.022135 0.785156 0.020833 0.785807 0.020182 0.785807 0.017578 0.785156 0.016927 0.785156 0.016276 0.783854 0.014974 0.783854 0.014323 0.781250 0.011719 0.780599 0.011719 0.779948 0.011068 0.778646 0.011068 0.777995 0.010417 0.776042 0.009766 0.774089 0.007812 0.772135 0.007812 0.771484 0.007161 0.769531 0.007161 0.768880 0.006510 0.757812 0.006510 0.757161 0.005859 0.754557 0.005859 0.753906 0.005208 0.751302 0.005208 0.750651 0.005859 0.750000 0.005859 0.747396 0.008464 0.746745 0.008464
0 0.560547 0.022135 0.555990 0.028646 0.555339 0.035156 0.555990 0.035807 0.555990 0.039714 0.556641 0.040365 0.556641 0.044922 0.557943 0.048177 0.564453 0.056641 0.566406 0.064453 0.568359 0.068359 0.569661 0.069661 0.572266 0.078125 0.578125 0.083333 0.579427 0.083333 0.580078 0.083984 0.589844 0.083984 0.595052 0.081380 0.601562 0.080729 0.602214 0.080078 0.605469 0.080078 0.607422 0.077474 0.608073 0.072266 0.608724 0.071615 0.608724 0.059245 0.608073 0.058594 0.608073 0.053385 0.607422 0.052734 0.607422 0.050130 0.606120 0.047526 0.605469 0.043620 0.602214 0.039062 0.600911 0.035807 0.597005 0.031901 0.595052 0.027995 0.589844 0.022786 0.588542 0.022786 0.583984 0.020833 0.578776 0.020182 0.578125 0.019531 0.566406 0.018880 0.565104 0.020182 0.562500 0.020833
1 0.991536 0.017578 0.985026 0.010417 0.983724 0.010417 0.981120 0.009115 0.977865 0.009115 0.977214 0.009766 0.974609 0.009766 0.970703 0.013672 0.969401 0.014323 0.968099 0.014323 0.965495 0.015625 0.958333 0.015625 0.953776 0.018229 0.952474 0.018229 0.949870 0.020182 0.948568 0.020182 0.947917 0.020833 0.946615 0.020833 0.945312 0.021484 0.942057 0.024740 0.941406 0.026042 0.941406 0.027344 0.940755 0.027995 0.940755 0.031250 0.941406 0.031901 0.941406 0.034505 0.942057 0.035156 0.942057 0.037760 0.942708 0.038411 0.942708 0.041016 0.943359 0.041667 0.943359 0.043620 0.944010 0.044922 0.946615 0.046224 0.949219 0.046224 0.949870 0.045573 0.953125 0.045573 0.953776 0.044922 0.955729 0.044922 0.956380 0.044271 0.965495 0.044271 0.966146 0.043620 0.969401 0.043620 0.971354 0.042318 0.972656 0.042318 0.973307 0.041667 0.974609 0.041667 0.975260 0.041016 0.978516 0.040365 0.986328 0.036458 0.987630 0.036458 0.988281 0.035807 0.991536 0.035156 0.992839 0.033854 0.994792 0.029948 0.994792 0.024089
1 0.738932 0.006510 0.738932 0.007812 0.740885 0.009766 0.741536 0.009766 0.744792 0.013021 0.744792 0.013672 0.746745 0.015625 0.750000 0.015625 0.750651 0.016276 0.752604 0.016276 0.753255 0.015625 0.753906 0.015625 0.755208 0.014323 0.755859 0.014323 0.757812 0.012370 0.758464 0.012370 0.759115 0.011719 0.760417 0.011719 0.761068 0.011068 0.762370 0.011068 0.763021 0.010417 0.765625 0.010417 0.766276 0.009766 0.768229 0.009766 0.768880 0.009115 0.769531 0.009115 0.770182 0.008464 0.770833 0.008464 0.771484 0.007812 0.771484 0.007161 0.770833 0.006510 0.770833 0.003255 0.770182 0.002604 0.770182 0.000000 0.740234 0.000000 0.740234 0.003255 0.739583 0.003906 0.739583 0.005859
1 0.902995 0.035156 0.909505 0.047526 0.910156 0.052083 0.912109 0.052083 0.914062 0.054036 0.915365 0.057292 0.919271 0.058594 0.929036 0.058594 0.934896 0.056641 0.934896 0.051432 0.936849 0.050130 0.940755 0.049479 0.953125 0.044922 0.958984 0.045573 0.962240 0.043620 0.973958 0.040365 0.981771 0.035807 0.986328 0.034505 0.990885 0.031901 0.993490 0.029297 0.993490 0.022786 0.991536 0.018880 0.988281 0.015625 0.986979 0.013021 0.981120 0.009766 0.975260 0.009766 0.966797 0.013672 0.963542 0.013672 0.960938 0.011068 0.958333 0.010417 0.952474 0.013672 0.950521 0.013672 0.947917 0.015625 0.947266 0.014974 0.942057 0.014974 0.939453 0.013672 0.937500 0.007812 0.934896 0.009115 0.927083 0.009115 0.926432 0.008464 0.923828 0.009766 0.921875 0.009766 0.917318 0.013021 0.916016 0.016276 0.913411 0.018880 0.912760 0.023438 0.911458 0.026042 0.909505 0.027995 0.904297 0.029948
1 0.999349 0.277344 0.996745 0.277344 0.996094 0.276693 0.993490 0.276693 0.992839 0.276042 0.990885 0.276042 0.990234 0.276693 0.988932 0.276693 0.988281 0.277344 0.981771 0.277344 0.981120 0.276693 0.979818 0.276693 0.979167 0.277344 0.974609 0.277344 0.972005 0.279948 0.972005 0.281250 0.970052 0.283203 0.970052 0.283854 0.969401 0.284505 0.969401 0.290365 0.970052 0.291016 0.970052 0.292318 0.971354 0.294271 0.971354 0.295573 0.973958 0.298177 0.975260 0.301432 0.977214 0.301432 0.977865 0.302083 0.978516 0.302083 0.979818 0.303385 0.979818 0.306641 0.980469 0.307292 0.980469 0.307943 0.981120 0.307943 0.985677 0.310547 0.987630 0.310547 0.988281 0.309896 0.991536 0.309896 0.992188 0.309245 0.994141 0.309245 0.994792 0.308594 0.999349 0.308594 0.999349 0.285807 0.997396 0.285807 0.996745 0.285156 0.997396 0.284505 0.999349 0.284505
1 0.882812 0.129557 0.882161 0.130208 0.882161 0.130859 0.881510 0.131510 0.881510 0.132812 0.880859 0.133464 0.880859 0.134115 0.880208 0.134766 0.880208 0.135417 0.879557 0.136068 0.879557 0.137370 0.878906 0.138021 0.878906 0.143229 0.878255 0.143880 0.878255 0.145833 0.877604 0.146484 0.877604 0.149089 0.876953 0.149740 0.876953 0.152995 0.876302 0.153646 0.876302 0.156901 0.876953 0.157552 0.876953 0.159505 0.877604 0.160156 0.878906 0.158854 0.879557 0.158854 0.880208 0.158203 0.880859 0.158203 0.881510 0.157552 0.883464 0.157552 0.884115 0.156901 0.884766 0.156901 0.885417 0.156250 0.886719 0.156250 0.887370 0.155599 0.888021 0.155599 0.894531 0.149089 0.893880 0.148438 0.893880 0.143229 0.893229 0.142578 0.893229 0.140625 0.892578 0.139974 0.892578 0.138021 0.891927 0.137370 0.891927 0.136719 0.889974 0.134766 0.889974 0.134115 0.889323 0.134115 0.888021 0.132812 0.887370 0.132812 0.886719 0.132161 0.886068 0.132161 0.884766 0.130859 0.884115 0.130859
1 0.788411 0.022135 0.788411 0.018229 0.787109 0.016927 0.787109 0.016276 0.785156 0.014323 0.785156 0.013672 0.784505 0.013021 0.784505 0.012370 0.785156 0.011719 0.785156 0.009766 0.785807 0.009115 0.785807 0.007812 0.785156 0.007161 0.785156 0.006510 0.782552 0.006510 0.781901 0.007161 0.777344 0.007161 0.776693 0.006510 0.774089 0.006510 0.772135 0.007812 0.770833 0.007812 0.770833 0.008464 0.768880 0.010417 0.768229 0.010417 0.766927 0.009115 0.766276 0.009115 0.764323 0.007812 0.752604 0.007812 0.750000 0.010417 0.749349 0.010417 0.746094 0.013021 0.746745 0.013672 0.747396 0.015625 0.751302 0.020182 0.752604 0.023438 0.756510 0.027344 0.757161 0.029297 0.759115 0.030599 0.761719 0.030599 0.763021 0.031901 0.763672 0.031250 0.763672 0.030599 0.766276 0.027995 0.766927 0.027995 0.767578 0.027344 0.770833 0.027344 0.771484 0.026693 0.780599 0.026693 0.781250 0.026042 0.783854 0.026042 0.784505 0.025391 0.785807 0.025391 0.787109 0.024089 0.787760 0.024089 0.787760 0.022786
0 0.739583 0.006510 0.739583 0.007812 0.741536 0.009766 0.742188 0.009766 0.747396 0.014974 0.748047 0.014974 0.748698 0.014323 0.750651 0.014323 0.751302 0.013672 0.751953 0.013672 0.753906 0.011719 0.754557 0.011719 0.755208 0.011068 0.755859 0.011068 0.756510 0.010417 0.757812 0.010417 0.758464 0.009766 0.760417 0.009766 0.761068 0.009115 0.763021 0.009115 0.763672 0.008464 0.766927 0.008464 0.767578 0.007812 0.769531 0.007812 0.769531 0.000000 0.740885 0.000000 0.740885 0.002604 0.740234 0.003255 0.740234 0.005859
1 0.742188 0.000000 0.742188 0.002604 0.741536 0.003255 0.741536 0.006510 0.740885 0.007161 0.740885 0.007812 0.743490 0.009766 0.745443 0.014323 0.746745 0.015625 0.746745 0.016276 0.751302 0.020833 0.752604 0.024089 0.753255 0.024740 0.753906 0.024740 0.757812 0.028646 0.759115 0.027344 0.759766 0.027344 0.761719 0.026042 0.764974 0.025391 0.765625 0.024740 0.767578 0.024740 0.768229 0.024089 0.773438 0.024089 0.774089 0.023438 0.774740 0.023438 0.775391 0.022786 0.776693 0.022786 0.777344 0.022135 0.780599 0.022135 0.781250 0.021484 0.783203 0.021484 0.783854 0.020833 0.785156 0.020833 0.786458 0.019531 0.786458 0.017578 0.785807 0.016927 0.785807 0.016276 0.785156 0.015625 0.785156 0.014323 0.784505 0.013672 0.784505 0.011068 0.785156 0.010417 0.785156 0.006510 0.782552 0.006510 0.780599 0.008464 0.779297 0.008464 0.778646 0.007812 0.778646 0.000000 0.769531 0.000000 0.769531 0.001953 0.768229 0.003255 0.760417 0.003255 0.758464 0.001953 0.758464 0.000000
1 0.740885 0.000000 0.740885 0.002604 0.740234 0.003255 0.740234 0.006510 0.739583 0.007161 0.739583 0.007812 0.740234 0.008464 0.740885 0.008464 0.744141 0.011719 0.744141 0.012370 0.745443 0.013672 0.745443 0.014323 0.747396 0.016276 0.748047 0.016276 0.751302 0.019531 0.751302 0.020182 0.752604 0.021484 0.753255 0.023438 0.754557 0.024740 0.755208 0.024740 0.756510 0.026042 0.757161 0.026042 0.757812 0.026693 0.758464 0.026042 0.759115 0.026042 0.759766 0.025391 0.761068 0.025391 0.761719 0.024740 0.763672 0.024740 0.764323 0.024089 0.766927 0.024089 0.768229 0.022786 0.768880 0.022786 0.770833 0.021484 0.772135 0.021484 0.772786 0.020833 0.776693 0.020833 0.777344 0.020182 0.781250 0.020182 0.781901 0.019531 0.783854 0.018880 0.783854 0.018229 0.782552 0.016276 0.782552 0.014974 0.781901 0.014323 0.781901 0.013672 0.780599 0.012370 0.776693 0.011068 0.774089 0.008464 0.774089 0.007161 0.773438 0.006510 0.772786 0.006510 0.772135 0.005859 0.772135 0.005208 0.770182 0.003255 0.770182 0.002604 0.769531 0.001953 0.769531 0.000000
1 0.990885 0.057943 0.990234 0.058594 0.989583 0.058594 0.988932 0.059245 0.988281 0.059245 0.986979 0.060547 0.986328 0.060547 0.983073 0.063802 0.983073 0.064453 0.981771 0.065755 0.981771 0.066406 0.981120 0.067057 0.981120 0.069661 0.980469 0.070312 0.980469 0.072917 0.981120 0.073568 0.981120 0.074870 0.981771 0.075521 0.981771 0.076172 0.982422 0.076823 0.982422 0.078125 0.988281 0.083984 0.989583 0.083984 0.990234 0.084635 0.990885 0.084635 0.991536 0.085286 0.999349 0.085286 0.999349 0.070964 0.997396 0.070964 0.996745 0.070312 0.996745 0.068359 0.996094 0.067708 0.996094 0.063151 0.995443 0.062500 0.995443 0.059245 0.994141 0.057943
1 0.768229 0.038411 0.768229 0.041016 0.772135 0.042318 0.773438 0.044271 0.773438 0.045573 0.774089 0.046224 0.774089 0.046875 0.777344 0.046875 0.779297 0.048177 0.785156 0.048177 0.785807 0.048828 0.787109 0.048828 0.787760 0.049479 0.791667 0.049479 0.792318 0.048828 0.793620 0.048828 0.794271 0.048177 0.799479 0.048177 0.800130 0.047526 0.806641 0.047526 0.808594 0.046224 0.808594 0.045573 0.812500 0.041016 0.812500 0.039714 0.811198 0.037760 0.811198 0.036458 0.810547 0.035807 0.810547 0.035156 0.806641 0.031250 0.805990 0.031250 0.805339 0.030599 0.804688 0.030599 0.804036 0.029948 0.803385 0.029948 0.802734 0.029297 0.802083 0.029297 0.801432 0.028646 0.800781 0.028646 0.800130 0.027995 0.796875 0.026693 0.795573 0.025391 0.794922 0.025391 0.794271 0.026042 0.792318 0.026042 0.790365 0.027344 0.789714 0.026693 0.788411 0.026693 0.785156 0.023438 0.783854 0.024740 0.783854 0.025391 0.779297 0.029948 0.779948 0.030599 0.779948 0.032552 0.780599 0.033203 0.780599 0.036458 0.779297 0.038411 0.771484 0.038411 0.770833 0.037760 0.768880 0.037760
1 0.920573 0.007812 0.920573 0.008464 0.918620 0.010417 0.917969 0.010417 0.916016 0.012370 0.915365 0.012370 0.914062 0.016276 0.912760 0.017578 0.910156 0.018880 0.910156 0.022786 0.910807 0.024089 0.908854 0.026042 0.903646 0.028646 0.902344 0.029948 0.902344 0.036458 0.901693 0.037109 0.901693 0.039062 0.901042 0.040365 0.902995 0.042318 0.904297 0.046224 0.907552 0.049479 0.909505 0.054036 0.914714 0.059896 0.916016 0.060547 0.926432 0.060547 0.928385 0.059245 0.930339 0.059245 0.930990 0.058594 0.932292 0.058594 0.934896 0.056641 0.934896 0.054688 0.934245 0.054036 0.934245 0.051432 0.935547 0.050130 0.938802 0.048828 0.942057 0.045573 0.942708 0.044271 0.942708 0.041667 0.943359 0.041016 0.943359 0.039714 0.942708 0.039062 0.942708 0.037109 0.941406 0.035156 0.941406 0.031901 0.940755 0.031250 0.940755 0.024089 0.940104 0.022786 0.931641 0.014323 0.930990 0.014323 0.929036 0.012370 0.928385 0.012370 0.925781 0.009766 0.924479 0.009766
