3 0.520833 0.312500 0.501953 0.277995 0.497396 0.275391 0.488281 0.274089 0.479818 0.274740 0.469401 0.279297 0.458984 0.272135 0.442708 0.274740 0.429036 0.283203 0.411458 0.288411 0.382812 0.291016 0.330078 0.301432 0.311198 0.299479 0.307292 0.302083 0.305990 0.305990 0.305990 0.317708 0.311198 0.354818 0.316406 0.367188 0.324870 0.373047 0.339193 0.373698 0.350260 0.385417 0.360026 0.388672 0.365885 0.388021 0.373047 0.384115 0.377604 0.378906 0.382812 0.378906 0.390625 0.382812 0.397135 0.382812 0.417969 0.369792 0.436849 0.367839 0.462891 0.358724 0.471354 0.358073 0.479167 0.362630 0.486328 0.363932 0.496745 0.361328 0.505208 0.352214 0.515625 0.350260 0.520833 0.345052 0.523438 0.335938
1 0.785156 0.110677 0.785807 0.112630 0.789062 0.117188 0.792969 0.119141 0.796224 0.122396 0.799479 0.123698 0.801432 0.125651 0.802734 0.125651 0.804688 0.126953 0.808594 0.126953 0.813802 0.124349 0.815104 0.124349 0.815755 0.123698 0.819010 0.123698 0.819661 0.123047 0.833333 0.123047 0.833984 0.122396 0.845703 0.122396 0.846354 0.121745 0.848307 0.121745 0.848958 0.121094 0.850260 0.121094 0.851562 0.119141 0.854818 0.117188 0.859375 0.111328 0.858073 0.107422 0.855469 0.104818 0.852865 0.104167 0.848307 0.100260 0.847005 0.100260 0.843099 0.098307 0.841146 0.098307 0.839193 0.097005 0.836589 0.096354 0.833984 0.094401 0.832031 0.094401 0.829427 0.093099 0.827474 0.093099 0.824219 0.091797 0.816406 0.091797 0.815755 0.091146 0.807292 0.091797 0.804036 0.093099 0.798828 0.093750 0.794922 0.095703 0.790365 0.100260 0.789714 0.102214 0.787109 0.106120 0.786458 0.109375
1 0.781250 0.061849 0.780599 0.060547 0.779948 0.060547 0.776693 0.056641 0.775391 0.056641 0.774740 0.055990 0.771484 0.055339 0.768229 0.053385 0.766276 0.053385 0.763672 0.052083 0.761719 0.052083 0.761068 0.051432 0.754557 0.051432 0.753906 0.050781 0.751953 0.050781 0.751302 0.051432 0.740885 0.051432 0.738281 0.053385 0.735026 0.054036 0.733073 0.055339 0.731120 0.055339 0.728516 0.056641 0.726562 0.058594 0.725911 0.058594 0.723307 0.061198 0.722005 0.063802 0.721354 0.068359 0.723307 0.072266 0.725260 0.074219 0.728516 0.074870 0.730469 0.076172 0.733724 0.076823 0.737630 0.078776 0.740885 0.078776 0.741536 0.079427 0.742188 0.078776 0.744792 0.078776 0.745443 0.078125 0.746745 0.078125 0.749349 0.076172 0.750651 0.076172 0.752604 0.074870 0.755208 0.074870 0.755859 0.074219 0.759766 0.074219 0.760417 0.073568 0.768880 0.073568 0.770182 0.072917 0.772135 0.070964 0.777344 0.068359 0.779297 0.066406 0.779948 0.064453 0.781250 0.063151
1 0.884115 0.154948 0.882812 0.153646 0.882161 0.154297 0.880208 0.154948 0.878906 0.156250 0.878255 0.156250 0.875000 0.158203 0.873698 0.158203 0.873047 0.158854 0.871745 0.158854 0.869792 0.160156 0.868490 0.160156 0.865234 0.162760 0.864583 0.162760 0.863932 0.163411 0.863281 0.163411 0.862630 0.164062 0.861979 0.164062 0.861328 0.164714 0.859375 0.165365 0.856120 0.168620 0.855469 0.168620 0.854818 0.169271 0.854818 0.169922 0.853516 0.171224 0.853516 0.173177 0.852865 0.173828 0.852865 0.177734 0.853516 0.178385 0.853516 0.179036 0.855469 0.180990 0.855469 0.181641 0.856120 0.181641 0.856771 0.182292 0.857422 0.182292 0.858073 0.182943 0.858724 0.182943 0.859375 0.183594 0.860026 0.183594 0.860677 0.184245 0.861328 0.184245 0.861979 0.184896 0.863932 0.185547 0.865234 0.186849 0.865885 0.186849 0.866536 0.187500 0.867188 0.187500 0.870443 0.189453 0.872396 0.189453 0.873047 0.190104 0.882161 0.190104 0.883464 0.188802 0.883464 0.187500 0.884115 0.186849 0.884115 0.181641 0.884766 0.180990 0.884766 0.158203 0.884115 0.157552
1 0.744141 0.033854 0.743490 0.033203 0.743490 0.032552 0.740885 0.029948 0.740234 0.029948 0.738932 0.028646 0.738281 0.028646 0.736328 0.026693 0.734375 0.026042 0.731771 0.023438 0.731120 0.023438 0.730469 0.022786 0.729167 0.022786 0.728516 0.022135 0.725911 0.022135 0.725260 0.021484 0.724609 0.022135 0.721354 0.022135 0.720703 0.022786 0.713542 0.022786 0.712891 0.023438 0.708984 0.023438 0.708333 0.024089 0.703776 0.024089 0.700521 0.026042 0.698568 0.026042 0.697266 0.027344 0.696615 0.027344 0.693359 0.029297 0.692057 0.029297 0.692057 0.029948 0.691406 0.030599 0.691406 0.032552 0.690755 0.033203 0.690755 0.035807 0.691406 0.036458 0.691406 0.037760 0.692057 0.038411 0.692708 0.040365 0.698568 0.044922 0.699219 0.044922 0.699870 0.045573 0.701172 0.045573 0.701823 0.046224 0.711589 0.046224 0.712240 0.045573 0.714193 0.045573 0.714844 0.044922 0.717448 0.044922 0.718099 0.044271 0.723307 0.044271 0.723958 0.043620 0.727214 0.043620 0.727865 0.042969 0.729818 0.042969 0.730469 0.042318 0.732422 0.042318 0.733073 0.041667 0.735677 0.041667 0.736328 0.041016 0.737630 0.041016 0.738281 0.040365 0.740234 0.040365 0.740885 0.039714 0.741536 0.039714 0.741536 0.039062 0.744141 0.035807
3 0.537760 0.231120 0.532552 0.225260 0.521484 0.224609 0.516276 0.213542 0.505859 0.202474 0.492188 0.195964 0.483073 0.195964 0.317708 0.218099 0.303385 0.222005 0.277995 0.223958 0.272135 0.229167 0.271484 0.237630 0.273438 0.251953 0.281901 0.279297 0.285156 0.304688 0.288411 0.308594 0.294271 0.309245 0.300781 0.307292 0.303385 0.301432 0.310547 0.296875 0.337891 0.296875 0.350260 0.291667 0.374349 0.290365 0.420573 0.283203 0.431641 0.278646 0.440755 0.270833 0.452474 0.264974 0.467448 0.271484 0.468750 0.274089 0.500000 0.272135 0.506510 0.276693 0.507812 0.280599 0.518880 0.276042 0.523438 0.271484 0.527995 0.272786 0.529297 0.276042 0.534505 0.273438 0.537760 0.268229 0.537760 0.257812 0.525391 0.252604 0.529297 0.251302 0.536458 0.242188 0.534505 0.236328
1 0.670573 0.020833 0.671224 0.021484 0.671224 0.024089 0.671875 0.024089 0.675781 0.027344 0.677083 0.027344 0.677734 0.027995 0.678385 0.027995 0.680339 0.029297 0.681641 0.029297 0.682292 0.029948 0.684896 0.029948 0.685547 0.030599 0.688151 0.030599 0.693359 0.026693 0.694010 0.026693 0.695964 0.025391 0.699219 0.024740 0.701172 0.023438 0.702474 0.023438 0.704427 0.022135 0.706380 0.022135 0.707031 0.021484 0.714193 0.021484 0.714844 0.020833 0.722656 0.020833 0.723307 0.020182 0.725260 0.020182 0.725911 0.019531 0.726562 0.019531 0.727214 0.017578 0.726562 0.016927 0.726562 0.013021 0.725260 0.011719 0.725260 0.011068 0.724609 0.011068 0.723958 0.010417 0.722656 0.010417 0.720703 0.009115 0.719401 0.009115 0.717448 0.007812 0.716146 0.007812 0.715495 0.007161 0.713542 0.007161 0.712891 0.006510 0.712240 0.006510 0.711589 0.005859 0.710286 0.005859 0.709635 0.005208 0.707031 0.005208 0.706380 0.004557 0.686849 0.004557 0.686198 0.005208 0.682943 0.006510 0.679036 0.009766 0.677734 0.009766 0.677083 0.010417 0.675781 0.010417 0.675130 0.011068 0.673177 0.011719 0.671224 0.014323 0.671224 0.016276 0.670573 0.016927
1 0.351562 0.029297 0.349609 0.026693 0.348307 0.026693 0.345052 0.024089 0.344401 0.024089 0.342448 0.022786 0.341146 0.022786 0.339193 0.021484 0.337240 0.021484 0.336589 0.020833 0.335286 0.020833 0.334635 0.020182 0.329427 0.020182 0.328776 0.019531 0.328125 0.020182 0.322266 0.020833 0.321615 0.021484 0.319661 0.021484 0.319010 0.022135 0.317708 0.022135 0.317057 0.022786 0.312500 0.024740 0.311198 0.026042 0.310547 0.026042 0.308594 0.027344 0.307292 0.027344 0.306641 0.027995 0.303385 0.029297 0.299479 0.032552 0.298828 0.032552 0.297526 0.033854 0.296875 0.033854 0.295573 0.035156 0.295573 0.041016 0.297526 0.043620 0.297526 0.044271 0.298828 0.045573 0.298828 0.046224 0.299479 0.046224 0.300781 0.047526 0.305990 0.047526 0.306641 0.048177 0.307292 0.047526 0.311198 0.047526 0.311849 0.046875 0.315104 0.046875 0.315755 0.046224 0.326823 0.046224 0.327474 0.045573 0.330078 0.045573 0.330729 0.044922 0.332031 0.044922 0.332682 0.044271 0.335286 0.044271 0.335938 0.043620 0.340495 0.042969 0.341146 0.042318 0.342448 0.042318 0.343099 0.041667 0.345052 0.041667 0.348307 0.038411 0.350260 0.037760 0.350260 0.037109 0.351562 0.035156
3 0.504557 0.190104 0.501953 0.180990 0.497396 0.177734 0.497396 0.170573 0.494141 0.165365 0.479818 0.162760 0.475260 0.166667 0.473307 0.162760 0.461589 0.159505 0.453776 0.149740 0.438151 0.153646 0.404297 0.152995 0.399089 0.156901 0.359375 0.158203 0.339844 0.162760 0.305990 0.163411 0.296224 0.166667 0.284505 0.165365 0.272135 0.159505 0.255859 0.160156 0.252604 0.162109 0.251953 0.190104 0.255859 0.230469 0.257812 0.237630 0.263672 0.244141 0.268229 0.242839 0.270182 0.227865 0.276042 0.222005 0.302734 0.220052 0.311198 0.216797 0.334635 0.214193 0.349609 0.210286 0.369141 0.209635 0.380208 0.206380 0.458333 0.197917 0.473307 0.193359 0.494792 0.192708 0.502604 0.196615
3 0.812500 0.000000 0.812500 0.003255 0.813151 0.003906 0.813802 0.008464 0.817708 0.012370 0.819010 0.013021 0.821615 0.013021 0.822266 0.013672 0.828776 0.013021 0.830729 0.014323 0.832031 0.014323 0.835938 0.016276 0.839193 0.019531 0.840495 0.019531 0.852865 0.026042 0.860677 0.035156 0.864583 0.037109 0.865885 0.037109 0.872396 0.041016 0.873698 0.041016 0.875651 0.042318 0.876953 0.042318 0.882812 0.044922 0.884115 0.042318 0.884115 0.038411 0.884766 0.037760 0.884766 0.031901 0.884115 0.031250 0.884115 0.024089 0.884766 0.023438 0.884766 0.015625 0.884115 0.014974 0.884115 0.012370 0.884766 0.011719 0.884766 0.003906 0.884115 0.003255 0.884115 0.000000
3 0.245443 0.000000 0.246745 0.014323 0.251302 0.024089 0.260417 0.031250 0.264323 0.033203 0.268229 0.033854 0.283854 0.029297 0.301432 0.026693 0.309896 0.022135 0.329427 0.016927 0.341146 0.016276 0.343750 0.017578 0.354818 0.017578 0.376302 0.007812 0.375651 0.005859 0.372396 0.003255 0.366536 0.002604 0.365885 0.000000
3 0.447917 0.073568 0.445964 0.068359 0.444661 0.057292 0.442708 0.050781 0.436198 0.042318 0.433594 0.040365 0.430339 0.039714 0.413411 0.039714 0.404948 0.033854 0.395182 0.035156 0.390625 0.042318 0.385417 0.044922 0.363281 0.046224 0.340495 0.045573 0.317708 0.048828 0.313151 0.052083 0.311198 0.061198 0.311849 0.068359 0.317057 0.077474 0.319010 0.078776 0.328125 0.078776 0.336589 0.074870 0.354167 0.072917 0.358073 0.068359 0.361979 0.067057 0.372396 0.067708 0.382161 0.064453 0.394531 0.064453 0.399089 0.063151 0.407552 0.065755 0.410156 0.067708 0.421875 0.069661 0.437500 0.069661 0.442708 0.072917
3 0.801432 0.062500 0.800130 0.061849 0.797526 0.061849 0.796875 0.061198 0.790365 0.061198 0.789714 0.060547 0.787760 0.060547 0.787109 0.059896 0.783854 0.059896 0.782552 0.060547 0.780599 0.062500 0.778646 0.067057 0.776042 0.069661 0.774089 0.070312 0.766927 0.075521 0.761719 0.078125 0.757812 0.082031 0.757161 0.083333 0.757161 0.085938 0.757812 0.086589 0.757812 0.089844 0.758464 0.089844 0.763021 0.094401 0.764323 0.095052 0.765625 0.095052 0.773438 0.100911 0.776693 0.100911 0.777344 0.100260 0.779948 0.100260 0.784505 0.097005 0.790365 0.097005 0.794271 0.094401 0.795573 0.094401 0.798177 0.092448 0.800130 0.092448 0.800781 0.091797 0.802083 0.091797 0.802734 0.091146 0.804688 0.091146 0.805339 0.090495 0.806641 0.090495 0.807943 0.089844 0.809245 0.087891 0.809245 0.085286 0.809896 0.083984 0.809245 0.083333 0.809245 0.082031 0.805990 0.077474 0.805990 0.073568 0.805339 0.072917 0.805339 0.069010 0.804688 0.068359 0.804688 0.067057 0.803385 0.064453
3 0.453125 0.097005 0.450521 0.100260 0.450521 0.101562 0.447266 0.107422 0.447266 0.108724 0.445964 0.111328 0.446615 0.111979 0.446615 0.116536 0.451823 0.121745 0.453776 0.126302 0.455729 0.128906 0.456380 0.134766 0.457031 0.135417 0.457031 0.143880 0.458984 0.147786 0.463542 0.152995 0.464193 0.154948 0.468099 0.154948 0.468750 0.155599 0.481120 0.155599 0.481771 0.156250 0.485026 0.156250 0.485677 0.156901 0.487630 0.156901 0.490885 0.158203 0.496094 0.158203 0.497396 0.157552 0.498698 0.155599 0.498698 0.154297 0.500651 0.149740 0.500651 0.144531 0.501302 0.143880 0.500651 0.130208 0.501302 0.129557 0.501302 0.127604 0.500651 0.126953 0.499349 0.121745 0.488281 0.108724 0.487630 0.106120 0.486328 0.104818 0.485677 0.102865 0.483724 0.100260 0.481771 0.098958 0.478516 0.097656 0.475911 0.097656 0.475260 0.097005
3 0.449870 0.094401 0.448568 0.083984 0.442057 0.075521 0.437500 0.072917 0.430339 0.072917 0.427734 0.075521 0.425130 0.075521 0.421224 0.072917 0.410156 0.071615 0.402344 0.067057 0.397135 0.067057 0.393880 0.070964 0.386068 0.070964 0.376953 0.076172 0.349609 0.078125 0.326172 0.082031 0.311849 0.082031 0.309896 0.084635 0.309896 0.093750 0.311849 0.106120 0.317708 0.114583 0.339844 0.112630 0.344401 0.110026 0.353516 0.112630 0.365885 0.109375 0.371094 0.111328 0.375000 0.111328 0.382812 0.106120 0.388672 0.115234 0.399089 0.115234 0.400391 0.116536 0.399740 0.121745 0.410156 0.122396 0.420573 0.118490 0.444661 0.116536 0.446615 0.103516
3 0.882812 0.197266 0.882812 0.197917 0.882161 0.198568 0.882161 0.199870 0.881510 0.200521 0.881510 0.201172 0.880208 0.202474 0.880208 0.203125 0.879557 0.203776 0.879557 0.204427 0.878906 0.205078 0.878906 0.205729 0.878255 0.206380 0.878255 0.207031 0.876953 0.208984 0.876953 0.210286 0.876302 0.210938 0.876302 0.212240 0.875000 0.214193 0.875000 0.215495 0.874349 0.216146 0.874349 0.217448 0.873047 0.219401 0.873047 0.225911 0.874349 0.227214 0.874349 0.227865 0.875000 0.228516 0.875000 0.229818 0.876953 0.231771 0.876953 0.232422 0.882812 0.238281 0.884115 0.236979 0.884115 0.233724 0.884766 0.233073 0.884766 0.214193 0.884115 0.213542 0.884115 0.207031 0.884766 0.206380 0.884766 0.202474 0.884115 0.201823 0.884115 0.199219
3 0.274089 0.117839 0.274089 0.139974 0.276693 0.154948 0.280599 0.160807 0.291016 0.164062 0.296875 0.164062 0.305339 0.160807 0.340495 0.160156 0.345052 0.157552 0.350260 0.157552 0.354818 0.155599 0.377604 0.156250 0.382161 0.154948 0.394531 0.154297 0.406250 0.149089 0.417969 0.149089 0.419922 0.144531 0.417318 0.133464 0.417969 0.127604 0.416667 0.126953 0.410156 0.129557 0.399740 0.124349 0.386068 0.125000 0.382812 0.123698 0.370443 0.123698 0.363932 0.125651 0.358724 0.125651 0.356120 0.124349 0.344401 0.125651 0.335286 0.123047 0.322917 0.124349 0.316406 0.118490 0.315755 0.116536 0.313151 0.115234 0.278646 0.115885
3 0.402344 0.138021 0.400391 0.134766 0.399089 0.128255 0.393229 0.125651 0.389974 0.121745 0.388021 0.121094 0.384115 0.116536 0.382812 0.113281 0.377604 0.113932 0.375000 0.111328 0.371745 0.110026 0.365234 0.110026 0.361979 0.108724 0.358073 0.110026 0.349609 0.110026 0.343750 0.107422 0.336589 0.109375 0.328776 0.113932 0.311849 0.112630 0.310547 0.113932 0.305339 0.115234 0.279297 0.114583 0.274089 0.116536 0.274089 0.137370 0.277344 0.148438 0.277344 0.154297 0.279948 0.158203 0.284505 0.160156 0.296224 0.160156 0.300130 0.156250 0.305990 0.154297 0.311198 0.156250 0.338542 0.155599 0.341797 0.154297 0.344401 0.151042 0.348958 0.154297 0.355469 0.152344 0.361979 0.152344 0.368490 0.154297 0.377604 0.154297 0.382812 0.151693 0.393880 0.150391 0.397135 0.149089
3 0.464193 0.158854 0.464193 0.161458 0.464844 0.162109 0.464844 0.163411 0.466146 0.166016 0.468750 0.169271 0.470052 0.172526 0.472005 0.174479 0.473307 0.177083 0.473307 0.179688 0.473958 0.180339 0.473958 0.183594 0.473307 0.184245 0.473307 0.188151 0.472005 0.190755 0.470703 0.192057 0.470703 0.192708 0.472005 0.192708 0.472656 0.193359 0.475260 0.193359 0.475911 0.194010 0.483073 0.194010 0.483724 0.193359 0.494141 0.193359 0.494792 0.194010 0.496745 0.194010 0.500651 0.195964 0.501953 0.197266 0.502604 0.197266 0.503906 0.195964 0.505208 0.193359 0.505208 0.186198 0.504557 0.185547 0.504557 0.182943 0.503906 0.182292 0.503255 0.177734 0.498698 0.169922 0.498698 0.168620 0.498047 0.167969 0.498047 0.166667 0.497396 0.166016 0.497396 0.164714 0.496745 0.163411 0.491536 0.159505 0.489583 0.159505 0.488932 0.158854 0.485677 0.158854 0.485026 0.158203 0.477865 0.158203 0.477214 0.157552 0.471354 0.157552 0.470703 0.156901 0.469401 0.156901 0.468750 0.157552 0.466146 0.157552
1 0.516927 0.208333 0.514974 0.209635 0.514974 0.212891 0.514323 0.214193 0.518229 0.225911 0.514974 0.233073 0.513021 0.235026 0.513021 0.241536 0.514974 0.243490 0.514974 0.245443 0.515625 0.246094 0.513021 0.252604 0.516927 0.257812 0.516927 0.259766 0.516276 0.260417 0.516276 0.263672 0.514323 0.268880 0.508464 0.275391 0.508464 0.279297 0.512370 0.287109 0.516276 0.290365 0.520182 0.291016 0.520833 0.290365 0.523438 0.290365 0.530599 0.286458 0.535807 0.280599 0.539714 0.277995 0.541016 0.276042 0.546224 0.271484 0.548177 0.265625 0.548177 0.253906 0.548828 0.253255 0.548828 0.251302 0.548177 0.250651 0.548177 0.246745 0.545573 0.238281 0.542969 0.233724 0.542969 0.232422 0.540365 0.227865 0.540365 0.226562 0.536458 0.222656 0.535156 0.219401 0.525391 0.210938 0.522786 0.210286 0.519531 0.208333
3 0.405599 0.067708 0.393880 0.061849 0.393229 0.062500 0.388021 0.062500 0.384115 0.060547 0.381510 0.060547 0.380859 0.059896 0.366536 0.059896 0.365885 0.060547 0.357422 0.061198 0.356771 0.061849 0.338542 0.061198 0.334635 0.062500 0.327474 0.062500 0.323568 0.063802 0.315104 0.063802 0.314453 0.063151 0.312500 0.063151 0.307943 0.074219 0.307943 0.079427 0.311198 0.082031 0.313802 0.082031 0.317708 0.080729 0.319010 0.081380 0.332031 0.081380 0.332682 0.082031 0.335286 0.082031 0.335938 0.081380 0.339844 0.081380 0.344401 0.080078 0.354167 0.080078 0.354818 0.079427 0.361979 0.079427 0.362630 0.078776 0.376302 0.079427 0.380859 0.076823 0.387370 0.071615 0.394531 0.070964
3 0.407552 0.039714 0.407552 0.045573 0.410807 0.048828 0.410807 0.050781 0.411458 0.051432 0.411458 0.054036 0.412109 0.054688 0.412109 0.057292 0.410156 0.059245 0.408854 0.062500 0.412760 0.067708 0.415365 0.067708 0.416016 0.068359 0.417969 0.068359 0.418620 0.069010 0.420573 0.069010 0.421224 0.069661 0.429036 0.069661 0.429688 0.069010 0.434896 0.069010 0.435547 0.069661 0.438151 0.069661 0.438802 0.070312 0.439453 0.070312 0.442057 0.072917 0.445312 0.073568 0.447917 0.075521 0.447917 0.074870 0.448568 0.074219 0.448568 0.071615 0.447917 0.070964 0.447917 0.068359 0.447266 0.067708 0.447266 0.066406 0.446615 0.065755 0.446615 0.063802 0.445964 0.063151 0.445964 0.060547 0.445312 0.059896 0.445312 0.057292 0.443359 0.054036 0.443359 0.052083 0.442708 0.051432 0.442708 0.050130 0.440755 0.048177 0.439453 0.044922 0.436198 0.041016 0.435547 0.041016 0.434896 0.040365 0.433594 0.040365 0.432943 0.039714 0.430990 0.039714 0.430339 0.039062 0.408854 0.039062 0.408203 0.039714
3 0.274089 0.120443 0.274740 0.140625 0.277995 0.160156 0.289062 0.165365 0.293620 0.166016 0.300781 0.165365 0.305339 0.162760 0.350260 0.160807 0.354167 0.157552 0.358724 0.156250 0.377604 0.157552 0.384766 0.155599 0.399089 0.155599 0.404948 0.151042 0.432943 0.152344 0.448568 0.149089 0.454427 0.144531 0.453125 0.138021 0.449870 0.134766 0.449870 0.127604 0.447917 0.121745 0.422526 0.121745 0.416667 0.126302 0.411458 0.127604 0.400391 0.125651 0.388021 0.126302 0.382812 0.125000 0.371745 0.125651 0.360677 0.128906 0.344401 0.127604 0.339844 0.129557 0.322917 0.129557 0.317057 0.125000 0.312500 0.116536 0.295573 0.116536 0.287760 0.121094 0.284505 0.121094 0.278646 0.117839
3 0.408203 0.122396 0.405599 0.119792 0.404297 0.117188 0.404297 0.113932 0.403646 0.113281 0.404297 0.105469 0.398438 0.103516 0.388021 0.103516 0.387370 0.102865 0.375651 0.103516 0.371745 0.102214 0.366536 0.104167 0.361328 0.104167 0.356120 0.107422 0.351562 0.107422 0.347005 0.105469 0.345703 0.104167 0.339844 0.104167 0.333984 0.106771 0.326823 0.111979 0.324219 0.112630 0.311849 0.111979 0.305990 0.116536 0.306641 0.117188 0.306641 0.121745 0.311849 0.126302 0.317708 0.129557 0.328125 0.131510 0.332682 0.133464 0.339193 0.132812 0.341146 0.131510 0.349609 0.128906 0.352214 0.128906 0.356120 0.127604 0.363281 0.127604 0.363932 0.126953 0.372396 0.126302 0.377604 0.124349 0.378906 0.125000 0.392578 0.125000 0.397786 0.126302 0.404297 0.126302
3 0.406250 0.051432 0.401042 0.045573 0.398438 0.039714 0.393880 0.039062 0.391276 0.042318 0.388672 0.043620 0.382161 0.044922 0.360677 0.045573 0.360026 0.044922 0.354818 0.044922 0.350260 0.043620 0.349609 0.044271 0.333333 0.044922 0.328776 0.046224 0.322266 0.046224 0.317057 0.047526 0.311849 0.050130 0.309896 0.057292 0.309896 0.067708 0.311198 0.071615 0.317708 0.077474 0.324219 0.078776 0.324870 0.078125 0.328125 0.078125 0.330078 0.075521 0.334635 0.073568 0.342448 0.072917 0.342448 0.067708 0.345703 0.066406 0.348958 0.066406 0.349609 0.065755 0.360026 0.066406 0.361979 0.065755 0.362630 0.066406 0.367188 0.066406 0.373047 0.068359 0.379557 0.068359 0.380208 0.067708 0.384766 0.067708 0.399089 0.063802 0.404948 0.065104 0.408203 0.062500
