2 0.746745 0.448568 0.746094 0.470703 0.741536 0.480469 0.741536 0.501953 0.757812 0.524089 0.783854 0.548828 0.789062 0.557292 0.813802 0.582682 0.826823 0.598958 0.831380 0.611328 0.836589 0.617188 0.843099 0.619792 0.872396 0.650391 0.882161 0.657552 0.896484 0.658203 0.919922 0.655599 0.949219 0.643880 0.951172 0.600911 0.954427 0.580729 0.946615 0.567057 0.914062 0.542969 0.882161 0.513021 0.827474 0.468099 0.819661 0.458333 0.804688 0.447917 0.791667 0.444010 0.777995 0.444010
2 0.358724 0.518229 0.355469 0.516927 0.320964 0.517578 0.298177 0.520833 0.291667 0.524089 0.285156 0.549479 0.274089 0.608073 0.257161 0.677083 0.253906 0.697917 0.255859 0.701823 0.296875 0.702474 0.345052 0.700521 0.353516 0.697917 0.356771 0.694010 0.358073 0.675781 0.361328 0.667969 0.367188 0.622396 0.365234 0.572917 0.362630 0.567708 0.361328 0.526042
2 0.601562 0.355469 0.597656 0.360677 0.597656 0.368490 0.598958 0.376953 0.603516 0.388021 0.604167 0.404948 0.610026 0.421224 0.624349 0.440104 0.625651 0.452474 0.629557 0.458984 0.636719 0.465495 0.638021 0.470052 0.642578 0.473307 0.650391 0.472005 0.660156 0.472005 0.664062 0.473307 0.687500 0.473307 0.689453 0.472005 0.692708 0.466797 0.694010 0.447917 0.693359 0.424479 0.691406 0.415365 0.682943 0.403646 0.679036 0.400391 0.648438 0.356120 0.640625 0.352865 0.623047 0.352214 0.616536 0.350911 0.605469 0.352865
2 0.676432 0.346354 0.670573 0.350260 0.665365 0.359375 0.665365 0.368490 0.669271 0.380208 0.695312 0.414062 0.700521 0.430339 0.701823 0.441406 0.708984 0.455078 0.725260 0.472656 0.731771 0.475260 0.736328 0.475260 0.740885 0.470052 0.741536 0.451823 0.742839 0.447266 0.748047 0.443359 0.772135 0.442708 0.779297 0.440104 0.782552 0.436849 0.783203 0.433594 0.781250 0.421224 0.779297 0.417969 0.771484 0.411458 0.759115 0.395182 0.746745 0.383464 0.733724 0.366536 0.723958 0.358724 0.716797 0.350260 0.706380 0.347005
2 0.257812 0.345052 0.237630 0.344401 0.224609 0.346354 0.217448 0.349609 0.213542 0.354818 0.210286 0.369141 0.203125 0.387370 0.201172 0.399089 0.193359 0.425130 0.193359 0.436849 0.195312 0.443359 0.196615 0.457682 0.196615 0.470703 0.197917 0.475911 0.199219 0.476562 0.231120 0.476562 0.240885 0.472656 0.254557 0.472005 0.258464 0.469401 0.263021 0.444661 0.264323 0.424479 0.268880 0.398438 0.270182 0.370443 0.267578 0.355469 0.264974 0.350260
1 0.610677 0.539714 0.608724 0.541667 0.606771 0.545573 0.607422 0.555990 0.608073 0.556641 0.611328 0.570964 0.612630 0.572266 0.615885 0.578776 0.616536 0.582031 0.619141 0.586589 0.621745 0.595052 0.624349 0.599609 0.627604 0.602865 0.630208 0.603516 0.632812 0.605469 0.638021 0.605469 0.641276 0.604167 0.649089 0.603516 0.649740 0.602865 0.662760 0.602214 0.667318 0.600911 0.669271 0.597656 0.669922 0.591797 0.670573 0.591146 0.670573 0.587240 0.669922 0.586589 0.669271 0.580078 0.666667 0.574870 0.665365 0.569661 0.662109 0.564453 0.660807 0.559896 0.657552 0.554688 0.657552 0.553385 0.655599 0.549479 0.649740 0.541667 0.643880 0.537760 0.641927 0.537760 0.641276 0.537109 0.634115 0.537109 0.633464 0.536458 0.620443 0.537109 0.619792 0.537760 0.616536 0.537760
2 0.302083 0.290365 0.300781 0.289062 0.297526 0.287760 0.283854 0.287109 0.283203 0.287760 0.268229 0.287760 0.267578 0.288411 0.258464 0.289062 0.252604 0.291667 0.248698 0.295573 0.246094 0.300781 0.240885 0.317708 0.240885 0.328125 0.246094 0.338542 0.247396 0.339844 0.250651 0.341146 0.257812 0.341797 0.268229 0.348307 0.281250 0.348307 0.281901 0.347656 0.285807 0.347656 0.290365 0.345703 0.292969 0.339193 0.294271 0.332682 0.298177 0.326172 0.301432 0.322266 0.302083 0.315104 0.302734 0.314453 0.302734 0.307943 0.303385 0.307292 0.303385 0.303385 0.302734 0.302734 0.302734 0.292318
1 0.527995 0.509766 0.525391 0.512370 0.524089 0.515625 0.524089 0.518229 0.523438 0.518880 0.523438 0.526693 0.524089 0.527344 0.524089 0.530599 0.525391 0.531901 0.527344 0.537760 0.528646 0.545573 0.530599 0.551432 0.531901 0.553385 0.532552 0.561198 0.533203 0.561849 0.533203 0.564453 0.534505 0.568359 0.541016 0.572266 0.544922 0.572266 0.545573 0.572917 0.565755 0.571615 0.566406 0.570964 0.578125 0.570312 0.581380 0.567708 0.581380 0.559896 0.582031 0.559245 0.581380 0.546224 0.580078 0.542969 0.580078 0.540365 0.575521 0.531901 0.575521 0.530599 0.573568 0.526693 0.571615 0.518229 0.570312 0.516927 0.569010 0.513672 0.563151 0.508464 0.557943 0.506510 0.554036 0.506510 0.553385 0.505859 0.542969 0.505859 0.542318 0.506510 0.538411 0.506510 0.537760 0.507161 0.532552 0.507812
1 0.557292 0.416016 0.557292 0.417318 0.556641 0.417969 0.556641 0.424479 0.557292 0.425130 0.557292 0.426432 0.557943 0.427083 0.557943 0.428385 0.558594 0.429036 0.558594 0.430339 0.559896 0.432943 0.560547 0.437500 0.561849 0.439453 0.561849 0.440755 0.563802 0.442708 0.565755 0.447917 0.568359 0.450521 0.572266 0.452474 0.573568 0.452474 0.574219 0.453125 0.585938 0.453125 0.586589 0.452474 0.591146 0.452474 0.591797 0.451823 0.597656 0.451823 0.598307 0.452474 0.600260 0.452474 0.603516 0.449870 0.604167 0.448568 0.604167 0.437500 0.603516 0.436849 0.603516 0.434896 0.602865 0.434245 0.602865 0.432292 0.602214 0.431641 0.601562 0.427083 0.595703 0.415365 0.593099 0.412760 0.590495 0.412109 0.589844 0.411458 0.567057 0.411458 0.566406 0.412109 0.562500 0.412109 0.559896 0.414062 0.559245 0.414062
1 0.409505 0.399089 0.407552 0.401042 0.407552 0.401693 0.404948 0.404948 0.404948 0.406250 0.404297 0.406901 0.404297 0.408854 0.403646 0.409505 0.403646 0.438802 0.404297 0.439453 0.404297 0.442057 0.404948 0.443359 0.408854 0.445312 0.426432 0.445312 0.427083 0.444661 0.430990 0.444661 0.433594 0.443359 0.436198 0.443359 0.436849 0.442708 0.439453 0.442057 0.442057 0.436849 0.442057 0.425781 0.441406 0.425130 0.441406 0.419922 0.440755 0.419271 0.440755 0.414714 0.440104 0.414062 0.440104 0.410156 0.439453 0.409505 0.438802 0.406250 0.437500 0.404297 0.437500 0.402995 0.433594 0.398438 0.430990 0.397786 0.430339 0.397135 0.428385 0.397135 0.427734 0.396484 0.418620 0.396484 0.417969 0.397135 0.414062 0.397135 0.413411 0.397786 0.412109 0.397786
1 0.532552 0.329427 0.532552 0.331380 0.531901 0.332031 0.531901 0.340495 0.532552 0.341146 0.532552 0.346354 0.533203 0.347005 0.533203 0.349609 0.533854 0.350260 0.533854 0.351562 0.534505 0.352214 0.534505 0.352865 0.535807 0.354167 0.536458 0.354167 0.537109 0.354818 0.538411 0.354818 0.539062 0.355469 0.557943 0.355469 0.558594 0.354818 0.562500 0.354818 0.562500 0.354167 0.563151 0.353516 0.563151 0.352214 0.563802 0.351562 0.563802 0.348307 0.564453 0.347656 0.564453 0.341146 0.563802 0.340495 0.563802 0.337891 0.563151 0.337240 0.563151 0.335286 0.562500 0.334635 0.562500 0.333984 0.559245 0.330729 0.558594 0.330729 0.557292 0.329427 0.554688 0.329427 0.554036 0.328776 0.545573 0.328776 0.544922 0.328125 0.542969 0.328125 0.542318 0.327474 0.541016 0.327474 0.540365 0.326823 0.535156 0.326823
1 0.489583 0.366536 0.489583 0.382812 0.490234 0.383464 0.490234 0.386719 0.490885 0.387370 0.490885 0.389323 0.491536 0.389974 0.491536 0.391927 0.493490 0.393880 0.494141 0.393880 0.496094 0.395182 0.501953 0.395182 0.502604 0.394531 0.503255 0.395182 0.515625 0.395182 0.516276 0.395833 0.522786 0.395833 0.523438 0.395182 0.524089 0.395182 0.524089 0.392578 0.524740 0.391927 0.524740 0.381510 0.524089 0.380859 0.524089 0.378255 0.521484 0.373698 0.521484 0.371745 0.520833 0.371094 0.520833 0.370443 0.518229 0.365885 0.517578 0.365885 0.513021 0.363281 0.507812 0.363281 0.507161 0.362630 0.500000 0.362630 0.499349 0.363281 0.496094 0.363281 0.495443 0.363932 0.494141 0.363932 0.493490 0.364583 0.492188 0.364583 0.490885 0.365885 0.490234 0.365885
1 0.486328 0.307943 0.484375 0.309896 0.484375 0.310547 0.483724 0.311198 0.483724 0.314453 0.483073 0.315104 0.483073 0.326823 0.483724 0.327474 0.483724 0.330078 0.484375 0.330729 0.484375 0.333333 0.485026 0.333984 0.485026 0.334635 0.485677 0.335286 0.486328 0.337240 0.489583 0.337240 0.490234 0.337891 0.496094 0.337891 0.496745 0.338542 0.498047 0.338542 0.498698 0.337891 0.502604 0.337891 0.503255 0.338542 0.508464 0.338542 0.509115 0.337891 0.510417 0.337891 0.511068 0.337240 0.511719 0.337240 0.513021 0.335938 0.513021 0.335286 0.513672 0.334635 0.513672 0.320312 0.513021 0.319661 0.513021 0.316406 0.512370 0.315755 0.512370 0.314453 0.511719 0.313802 0.511719 0.312500 0.507812 0.308594 0.505859 0.308594 0.505208 0.307943 0.503906 0.307943 0.503255 0.307292 0.489583 0.307292 0.488932 0.307943
1 0.552734 0.281901 0.552734 0.282552 0.552083 0.283203 0.552083 0.283854 0.551432 0.284505 0.551432 0.285807 0.552083 0.286458 0.552083 0.288411 0.552734 0.289062 0.552734 0.291667 0.553385 0.292318 0.553385 0.293620 0.554036 0.294271 0.554036 0.295573 0.554688 0.296224 0.554688 0.296875 0.556641 0.298828 0.561198 0.298828 0.561849 0.299479 0.563151 0.299479 0.563802 0.298828 0.568359 0.298828 0.569010 0.299479 0.578776 0.299479 0.578776 0.298828 0.580729 0.296875 0.580729 0.296224 0.581380 0.295573 0.581380 0.287760 0.580729 0.287109 0.580729 0.285156 0.578776 0.283203 0.577474 0.283203 0.576823 0.282552 0.574870 0.282552 0.574219 0.281901 0.572266 0.281901 0.571615 0.281250 0.569010 0.281250 0.568359 0.280599 0.559896 0.280599 0.559245 0.279948 0.555990 0.279948 0.555339 0.280599 0.554688 0.280599 0.554036 0.281250 0.553385 0.281250
1 0.516276 0.283203 0.516276 0.283854 0.514974 0.285156 0.514974 0.285807 0.514323 0.286458 0.514323 0.287760 0.513672 0.288411 0.513672 0.289714 0.513021 0.290365 0.513021 0.295573 0.513672 0.296224 0.513672 0.297526 0.516927 0.300781 0.517578 0.300781 0.518229 0.301432 0.524089 0.301432 0.524740 0.302083 0.536458 0.302083 0.537109 0.301432 0.537760 0.301432 0.538411 0.300781 0.538411 0.298828 0.539062 0.298177 0.539062 0.289062 0.538411 0.288411 0.538411 0.287109 0.537760 0.286458 0.537760 0.285156 0.536458 0.283854 0.535807 0.283854 0.535156 0.283203 0.533854 0.283203 0.533203 0.282552 0.529948 0.282552 0.529297 0.281901 0.526693 0.281901 0.526042 0.281250 0.519531 0.281250 0.518880 0.281901 0.518229 0.281901 0.516927 0.283203
1 0.323568 0.285156 0.323568 0.285807 0.322917 0.286458 0.322917 0.289714 0.322266 0.290365 0.322917 0.291016 0.322917 0.294271 0.323568 0.294922 0.323568 0.296224 0.324219 0.296875 0.324870 0.296875 0.325521 0.297526 0.326172 0.297526 0.326823 0.298177 0.339193 0.298177 0.339844 0.297526 0.345052 0.297526 0.347005 0.295573 0.347005 0.294271 0.347656 0.293620 0.347656 0.291667 0.348307 0.291016 0.348307 0.289714 0.347656 0.289062 0.347656 0.285807 0.347005 0.285156 0.347005 0.284505 0.345052 0.282552 0.342448 0.282552 0.341797 0.281901 0.333984 0.281901 0.333333 0.282552 0.329427 0.282552 0.328776 0.283203 0.326823 0.283203 0.326172 0.283854 0.325521 0.283854 0.324870 0.284505 0.324219 0.284505
1 0.354167 0.208984 0.353516 0.208984 0.352865 0.208333 0.352214 0.208333 0.351562 0.207682 0.350911 0.207682 0.350260 0.207031 0.344401 0.207031 0.343750 0.207682 0.339193 0.207682 0.338542 0.208333 0.337891 0.208333 0.337240 0.208984 0.335938 0.208984 0.335286 0.209635 0.334635 0.209635 0.332682 0.211589 0.332031 0.211589 0.329427 0.214193 0.329427 0.214844 0.328776 0.215495 0.328776 0.216146 0.328125 0.216797 0.328125 0.218099 0.327474 0.218750 0.327474 0.220703 0.328125 0.221354 0.328125 0.222656 0.328776 0.223307 0.328776 0.223958 0.330078 0.225260 0.331380 0.225260 0.332031 0.225911 0.333333 0.225911 0.333984 0.226562 0.341797 0.226562 0.342448 0.225911 0.344401 0.225911 0.345052 0.225260 0.346354 0.225260 0.348307 0.223307 0.349609 0.223307 0.350260 0.222656 0.350911 0.222656 0.351562 0.222005 0.352214 0.222005 0.352865 0.221354 0.353516 0.221354 0.354818 0.220052 0.355469 0.220052 0.355469 0.216797 0.356120 0.216146 0.356120 0.214193 0.355469 0.213542 0.355469 0.211589 0.354818 0.210938 0.354818 0.210286 0.354167 0.209635
1 0.507812 0.196615 0.507812 0.197266 0.507161 0.197917 0.507161 0.205729 0.507812 0.206380 0.507812 0.207031 0.509115 0.208333 0.509766 0.208333 0.510417 0.208984 0.513021 0.208984 0.513672 0.209635 0.518880 0.209635 0.519531 0.208984 0.524740 0.208984 0.524740 0.202474 0.524089 0.201823 0.524089 0.200521 0.523438 0.199870 0.523438 0.199219 0.520182 0.195964 0.519531 0.195964 0.518229 0.194661 0.516276 0.194661 0.515625 0.194010 0.511719 0.194010 0.511068 0.194661 0.510417 0.194661 0.509766 0.195312 0.509115 0.195312
1 0.888021 0.026042 0.887370 0.026693 0.882812 0.028646 0.881510 0.029948 0.881510 0.030599 0.880208 0.031901 0.880208 0.032552 0.876953 0.035807 0.876953 0.037109 0.875000 0.040365 0.875000 0.042969 0.874349 0.043620 0.874349 0.057292 0.875000 0.057943 0.875000 0.059896 0.875651 0.060547 0.875651 0.061198 0.878255 0.063151 0.880859 0.063151 0.881510 0.063802 0.883464 0.063802 0.884115 0.064453 0.886068 0.064453 0.888021 0.065755 0.889323 0.065755 0.889974 0.066406 0.891927 0.066406 0.892578 0.067057 0.893880 0.067057 0.894531 0.067708 0.901042 0.067708 0.901693 0.067057 0.904948 0.066406 0.909505 0.062500 0.909505 0.061849 0.910156 0.061198 0.910156 0.059896 0.910807 0.059245 0.910807 0.057943 0.911458 0.057292 0.911458 0.054688 0.912109 0.054036 0.912109 0.044271 0.911458 0.043620 0.910807 0.041667 0.908854 0.039714 0.908203 0.039714 0.904297 0.036458 0.903646 0.036458 0.902344 0.035156 0.901693 0.035156 0.899089 0.032552 0.899089 0.031901 0.897786 0.030599 0.897786 0.029948 0.895182 0.027344 0.894531 0.027344 0.893880 0.026693 0.889974 0.026693 0.889323 0.026042
1 0.358073 0.167318 0.358073 0.167969 0.357422 0.168620 0.357422 0.169271 0.356771 0.169922 0.356771 0.172526 0.356120 0.173177 0.356120 0.175130 0.355469 0.175781 0.355469 0.176432 0.356120 0.176432 0.356771 0.177083 0.357422 0.177083 0.358073 0.177734 0.359375 0.177734 0.360026 0.178385 0.366536 0.178385 0.367188 0.177734 0.368490 0.177734 0.369141 0.177083 0.369792 0.177083 0.370443 0.176432 0.371094 0.176432 0.371745 0.175781 0.371745 0.175130 0.372396 0.174479 0.372396 0.173177 0.373047 0.172526 0.373047 0.171875 0.373698 0.171224 0.373698 0.169271 0.373047 0.168620 0.373047 0.166667 0.372396 0.166016 0.372396 0.165365 0.371745 0.165365 0.371094 0.164714 0.369141 0.164714 0.368490 0.164062 0.362630 0.164062 0.361979 0.164714 0.360677 0.164714
2 0.354818 0.143229 0.354818 0.145833 0.354167 0.146484 0.354167 0.149740 0.354818 0.150391 0.354818 0.151693 0.355469 0.152344 0.355469 0.153646 0.356120 0.154297 0.356120 0.154948 0.357422 0.156250 0.357422 0.156901 0.358724 0.158203 0.358724 0.159505 0.360677 0.161458 0.361328 0.161458 0.363281 0.162760 0.364583 0.162760 0.365234 0.163411 0.367839 0.163411 0.368490 0.164062 0.375000 0.164062 0.375651 0.163411 0.378255 0.163411 0.378906 0.162760 0.379557 0.162760 0.380859 0.161458 0.381510 0.161458 0.382812 0.160156 0.382812 0.149089 0.380859 0.147135 0.380859 0.146484 0.378906 0.144531 0.378906 0.143880 0.376953 0.141927 0.376302 0.141927 0.375651 0.141276 0.375000 0.141276 0.374349 0.140625 0.373698 0.140625 0.372396 0.139323 0.360677 0.139323 0.360026 0.139974 0.359375 0.139974 0.358073 0.141276 0.357422 0.141276 0.356771 0.141927 0.356120 0.141927
2 0.213542 0.205729 0.212891 0.206380 0.211589 0.206380 0.210938 0.207031 0.208984 0.207031 0.207682 0.208333 0.207031 0.208333 0.205729 0.209635 0.205078 0.209635 0.203776 0.210938 0.203125 0.210938 0.200521 0.213542 0.199870 0.213542 0.199219 0.214193 0.199219 0.214844 0.197266 0.216797 0.197266 0.217448 0.196615 0.218099 0.196615 0.222005 0.195964 0.222656 0.195964 0.225911 0.196615 0.226562 0.196615 0.242188 0.197266 0.242839 0.197917 0.246094 0.202474 0.248698 0.203776 0.248698 0.204427 0.249349 0.205729 0.249349 0.206380 0.250000 0.207682 0.250000 0.208333 0.250651 0.211589 0.250651 0.212240 0.251302 0.216146 0.251302 0.216797 0.251953 0.220703 0.251953 0.221354 0.251302 0.223307 0.251302 0.223958 0.250651 0.225260 0.250651 0.227214 0.248698 0.227214 0.248047 0.227865 0.247396 0.227865 0.245443 0.228516 0.244792 0.228516 0.239583 0.229167 0.238932 0.229167 0.234375 0.229818 0.233724 0.229818 0.229818 0.229167 0.229167 0.229167 0.225911 0.228516 0.225260 0.228516 0.216146 0.229167 0.215495 0.229167 0.214193 0.228516 0.213542 0.227865 0.210286 0.226562 0.208333 0.225911 0.208333 0.223958 0.207031 0.220703 0.206380 0.220052 0.205729
1 0.495443 0.181641 0.495443 0.187500 0.498047 0.190104 0.498698 0.190104 0.499349 0.190755 0.500651 0.190755 0.501302 0.191406 0.501953 0.191406 0.502604 0.192057 0.503906 0.192057 0.504557 0.192708 0.506510 0.192708 0.507161 0.193359 0.508464 0.193359 0.509115 0.192708 0.510417 0.192708 0.511719 0.191406 0.512370 0.191406 0.513021 0.190755 0.513021 0.189453 0.513672 0.188802 0.513672 0.186198 0.513021 0.185547 0.513021 0.184245 0.511719 0.182943 0.511719 0.181641 0.509115 0.179036 0.508464 0.179036 0.507812 0.178385 0.507161 0.178385 0.506510 0.177734 0.504557 0.177734 0.503906 0.177083 0.501302 0.177083 0.500651 0.177734 0.500000 0.177734 0.499349 0.178385 0.498698 0.178385 0.498047 0.179036 0.497396 0.179036 0.496745 0.179688 0.496745 0.180339
1 0.485677 0.208984 0.485677 0.209635 0.485026 0.210286 0.485026 0.210938 0.483724 0.212240 0.483724 0.212891 0.483073 0.213542 0.483073 0.214193 0.482422 0.214844 0.482422 0.220703 0.483073 0.221354 0.483073 0.222005 0.486328 0.225260 0.487630 0.225260 0.488281 0.225911 0.490234 0.225911 0.490885 0.226562 0.492188 0.226562 0.492839 0.225911 0.495443 0.225911 0.496094 0.225260 0.496745 0.225260 0.498047 0.223958 0.498047 0.223307 0.499349 0.222005 0.499349 0.221354 0.500651 0.220052 0.500651 0.219401 0.500000 0.218750 0.500000 0.216146 0.499349 0.215495 0.499349 0.213542 0.498698 0.212891 0.498698 0.211589 0.497396 0.210286 0.497396 0.209635 0.496745 0.208984 0.495443 0.208984 0.494792 0.208333 0.493490 0.208333 0.492839 0.207682 0.489583 0.207682 0.488932 0.208333 0.486979 0.208333 0.486328 0.208984
1 0.333984 0.180339 0.332682 0.181641 0.332031 0.181641 0.328125 0.185547 0.328125 0.186198 0.327474 0.186849 0.327474 0.188151 0.326823 0.188802 0.326823 0.191406 0.326172 0.192057 0.326172 0.192708 0.328125 0.194661 0.329427 0.194661 0.330078 0.195312 0.332031 0.195312 0.332682 0.195964 0.339193 0.195964 0.340495 0.194661 0.341146 0.194661 0.343099 0.192708 0.343099 0.189453 0.343750 0.188802 0.343750 0.186849 0.343099 0.186198 0.343099 0.184896 0.342448 0.184245 0.342448 0.182943 0.341797 0.182292 0.341797 0.181641 0.341146 0.180990 0.340495 0.180990 0.339844 0.180339
1 0.511068 0.225260 0.507161 0.221354 0.506510 0.221354 0.505859 0.220703 0.505208 0.220703 0.504557 0.220052 0.503906 0.220052 0.502604 0.218750 0.501953 0.218750 0.500000 0.220703 0.498698 0.220703 0.498047 0.221354 0.497396 0.221354 0.496745 0.222005 0.495443 0.222005 0.494792 0.222656 0.493490 0.222656 0.492839 0.223307 0.492188 0.223307 0.491536 0.223958 0.490885 0.223958 0.489583 0.225260 0.489583 0.226562 0.490234 0.227214 0.490234 0.227865 0.490885 0.228516 0.490885 0.229167 0.492188 0.230469 0.496094 0.230469 0.496745 0.231120 0.497396 0.231120 0.498047 0.230469 0.504557 0.230469 0.505208 0.229818 0.507812 0.229818 0.509766 0.227865 0.509766 0.227214 0.510417 0.226562 0.510417 0.225911
1 0.689453 0.513672 0.688151 0.518880 0.688151 0.526693 0.688802 0.527344 0.690104 0.535156 0.697266 0.544922 0.708333 0.555990 0.708984 0.561198 0.710286 0.563151 0.711589 0.568359 0.714193 0.570964 0.720703 0.571615 0.722656 0.572917 0.748698 0.572917 0.749349 0.572266 0.751953 0.572266 0.758464 0.568359 0.760417 0.556641 0.758464 0.550781 0.757812 0.539714 0.755859 0.536458 0.753255 0.528646 0.751302 0.526042 0.751302 0.524740 0.748047 0.520182 0.739583 0.511719 0.732422 0.507812 0.729167 0.507812 0.728516 0.507161 0.712891 0.507161 0.706380 0.509766 0.692708 0.511719
1 0.610026 0.149089 0.608724 0.147786 0.608724 0.147135 0.608073 0.146484 0.608073 0.145833 0.605469 0.143229 0.602865 0.143229 0.602214 0.142578 0.600911 0.142578 0.600260 0.141927 0.599609 0.142578 0.596354 0.142578 0.595703 0.143229 0.593750 0.143229 0.592448 0.144531 0.592448 0.145182 0.591797 0.145833 0.591797 0.146484 0.591146 0.147135 0.591146 0.148438 0.590495 0.149089 0.590495 0.149740 0.591146 0.150391 0.591146 0.152344 0.591797 0.152995 0.591797 0.154297 0.592448 0.154297 0.593099 0.154948 0.593750 0.154948 0.594401 0.155599 0.598958 0.155599 0.599609 0.154948 0.606120 0.154948 0.608073 0.152995 0.608073 0.152344 0.608724 0.151693 0.608724 0.151042 0.609375 0.150391 0.609375 0.149740
1 0.479818 0.192708 0.479167 0.193359 0.477865 0.193359 0.477214 0.194010 0.475911 0.194010 0.475260 0.194661 0.475260 0.195964 0.474609 0.196615 0.474609 0.203776 0.475260 0.204427 0.475260 0.207031 0.475911 0.207682 0.475911 0.208333 0.477865 0.210286 0.478516 0.210286 0.479818 0.211589 0.481120 0.211589 0.486328 0.206380 0.486979 0.206380 0.487630 0.205729 0.488281 0.205729 0.488932 0.205078 0.489583 0.205078 0.490234 0.204427 0.490885 0.204427 0.491536 0.203776 0.492188 0.203776 0.492188 0.200521 0.492839 0.199870 0.492839 0.197917 0.490885 0.195964 0.489583 0.195964 0.488932 0.195312 0.486979 0.195312 0.486328 0.194661 0.485677 0.194661 0.485026 0.194010 0.483724 0.194010 0.483073 0.193359 0.481771 0.193359 0.481120 0.192708
1 0.486328 0.161458 0.486328 0.162109 0.485677 0.162760 0.485677 0.164714 0.485026 0.165365 0.485026 0.166016 0.485677 0.166667 0.485677 0.169922 0.486328 0.170573 0.486328 0.171224 0.486979 0.171224 0.488281 0.172526 0.488932 0.172526 0.490885 0.174479 0.494792 0.174479 0.495443 0.173828 0.498047 0.173828 0.498698 0.173177 0.500000 0.173177 0.500651 0.172526 0.501302 0.172526 0.503255 0.170573 0.503255 0.169922 0.502604 0.169271 0.502604 0.165365 0.501953 0.165365 0.500651 0.164062 0.500000 0.164062 0.496745 0.160807 0.496094 0.160807 0.495443 0.160156 0.493490 0.160156 0.492839 0.159505 0.490234 0.159505 0.489583 0.160156 0.488281 0.160156 0.487630 0.160807 0.486979 0.160807
1 0.518229 0.195312 0.515625 0.197917 0.515625 0.199219 0.516927 0.200521 0.517578 0.200521 0.518229 0.201172 0.518880 0.201172 0.519531 0.201823 0.519531 0.202474 0.520182 0.203125 0.520182 0.204427 0.520833 0.205078 0.520833 0.206380 0.521484 0.207031 0.521484 0.207682 0.522786 0.208984 0.524740 0.208984 0.525391 0.208333 0.525391 0.202474 0.524740 0.201823 0.524740 0.199870 0.524089 0.199219 0.524089 0.197266 0.522786 0.197266 0.522135 0.196615 0.520833 0.196615 0.520182 0.195964 0.519531 0.195964 0.518880 0.195312
2 0.708984 0.316406 0.707031 0.320312 0.708333 0.327474 0.712891 0.330729 0.718750 0.331380 0.720703 0.332682 0.723958 0.344401 0.727865 0.348307 0.730469 0.354818 0.733724 0.358724 0.736328 0.364583 0.744141 0.373698 0.745443 0.377604 0.752604 0.385417 0.759766 0.389974 0.768880 0.399740 0.770182 0.399089 0.773438 0.392578 0.774740 0.392578 0.781250 0.399089 0.781250 0.404297 0.778646 0.409505 0.783203 0.418620 0.785156 0.430990 0.786458 0.431641 0.784505 0.436849 0.792969 0.436849 0.791667 0.427083 0.791667 0.407552 0.790365 0.401042 0.787109 0.394531 0.786458 0.388021 0.784505 0.382812 0.787109 0.377604 0.787109 0.369141 0.784505 0.361328 0.779297 0.354818 0.771484 0.349609 0.746745 0.326823 0.741536 0.320312 0.738281 0.318359 0.725260 0.315104 0.714193 0.315104
1 0.328776 0.195312 0.322917 0.195312 0.322917 0.195964 0.320964 0.197917 0.320964 0.198568 0.320312 0.199219 0.320312 0.200521 0.319661 0.201172 0.319661 0.201823 0.318359 0.203125 0.318359 0.203776 0.317708 0.204427 0.317708 0.205729 0.317057 0.206380 0.317057 0.207682 0.316406 0.208333 0.316406 0.208984 0.317057 0.209635 0.317057 0.210286 0.317708 0.210938 0.317708 0.211589 0.319010 0.212891 0.319661 0.212891 0.320964 0.214193 0.321615 0.214193 0.322266 0.214844 0.324219 0.214844 0.324870 0.214193 0.326823 0.214193 0.327474 0.213542 0.328125 0.213542 0.329427 0.212240 0.329427 0.211589 0.330729 0.210286 0.331380 0.210286 0.332031 0.209635 0.332682 0.209635 0.333333 0.208984 0.333984 0.208984 0.334635 0.208333 0.334635 0.207682 0.335938 0.206380 0.335938 0.205729 0.336589 0.205078 0.336589 0.204427 0.337240 0.203776 0.337240 0.202474 0.335938 0.201172 0.335938 0.200521 0.333984 0.198568 0.333333 0.198568 0.332682 0.197917 0.332031 0.197917 0.331380 0.197266 0.330729 0.197266
1 0.474609 0.181641 0.474609 0.182292 0.473958 0.182943 0.473958 0.184896 0.473307 0.185547 0.473307 0.188802 0.473958 0.189453 0.473958 0.190104 0.474609 0.190755 0.474609 0.191406 0.475260 0.192057 0.475260 0.192708 0.481771 0.192708 0.482422 0.193359 0.484375 0.193359 0.485026 0.194010 0.486328 0.194010 0.486979 0.194661 0.488281 0.194661 0.488932 0.195312 0.489583 0.195312 0.490234 0.195964 0.490885 0.195964 0.491536 0.196615 0.491536 0.195964 0.492839 0.194661 0.492839 0.194010 0.493490 0.193359 0.493490 0.186849 0.492839 0.186198 0.492839 0.185547 0.492188 0.184896 0.492188 0.184245 0.491536 0.183594 0.491536 0.182943 0.490234 0.181641 0.489583 0.181641 0.487630 0.179688 0.486979 0.179688 0.486328 0.179036 0.485026 0.179036 0.484375 0.178385 0.479818 0.178385 0.479167 0.179036 0.478516 0.179036 0.477865 0.179688 0.477214 0.179688 0.476562 0.180339 0.475911 0.180339
1 0.475260 0.188151 0.475260 0.190104 0.474609 0.190755 0.474609 0.197917 0.475260 0.198568 0.475260 0.200521 0.475911 0.201172 0.476562 0.201172 0.477214 0.201823 0.478516 0.201823 0.479818 0.203125 0.480469 0.203125 0.481120 0.203776 0.481120 0.204427 0.481771 0.204427 0.482422 0.205078 0.491536 0.205078 0.492188 0.205729 0.495443 0.205729 0.496094 0.206380 0.496745 0.206380 0.497396 0.205729 0.497396 0.205078 0.498047 0.204427 0.498047 0.199870 0.497396 0.199219 0.497396 0.197266 0.496094 0.195964 0.496094 0.195312 0.495443 0.194661 0.495443 0.194010 0.494792 0.193359 0.494792 0.192708 0.492839 0.190755 0.492839 0.190104 0.491536 0.188802 0.491536 0.188151 0.490885 0.187500 0.488932 0.187500 0.488281 0.186849 0.486979 0.186849 0.486328 0.186198 0.485026 0.186198 0.484375 0.186849 0.481120 0.186849 0.480469 0.187500 0.475911 0.187500
1 0.349609 0.160156 0.348307 0.160156 0.347656 0.159505 0.341797 0.159505 0.341146 0.160156 0.339844 0.160156 0.334635 0.165365 0.334635 0.166016 0.333984 0.166667 0.333984 0.169271 0.333333 0.169922 0.333333 0.173177 0.333984 0.173828 0.333984 0.175781 0.334635 0.176432 0.335286 0.176432 0.335938 0.177083 0.337891 0.177083 0.338542 0.177734 0.341146 0.177734 0.341797 0.177083 0.344401 0.177083 0.345052 0.176432 0.345703 0.176432 0.345703 0.175781 0.350260 0.171224 0.350260 0.169922 0.350911 0.169271 0.350911 0.167969 0.351562 0.167318 0.351562 0.166667 0.352214 0.166016 0.352214 0.164714 0.351562 0.164062 0.351562 0.162760 0.350260 0.161458 0.350260 0.160807
1 0.160156 0.470703 0.154297 0.470703 0.153646 0.471354 0.152344 0.471354 0.151693 0.472005 0.150391 0.472005 0.149740 0.472656 0.148438 0.472656 0.147786 0.473307 0.147135 0.473307 0.145833 0.474609 0.145182 0.474609 0.141927 0.477865 0.141927 0.478516 0.140625 0.480469 0.140625 0.481771 0.139974 0.482422 0.139974 0.485026 0.139323 0.485677 0.139323 0.496745 0.139974 0.497396 0.139974 0.500651 0.140625 0.501302 0.140625 0.502604 0.141927 0.503906 0.143880 0.504557 0.144531 0.503906 0.146484 0.503906 0.147135 0.503255 0.151693 0.503255 0.152344 0.502604 0.157552 0.502604 0.158203 0.503255 0.160156 0.503255 0.160807 0.502604 0.162109 0.502604 0.162760 0.501953 0.164062 0.501953 0.165365 0.500651 0.165365 0.498047 0.166016 0.497396 0.166016 0.479167 0.165365 0.478516 0.165365 0.477214 0.164714 0.476562 0.164062 0.474609
1 0.475260 0.182292 0.475260 0.183594 0.474609 0.184245 0.474609 0.184896 0.473958 0.185547 0.473958 0.186849 0.473307 0.187500 0.473958 0.188151 0.473958 0.192708 0.474609 0.193359 0.474609 0.194010 0.475260 0.194661 0.475260 0.195964 0.481771 0.195964 0.482422 0.196615 0.483073 0.196615 0.483724 0.197266 0.484375 0.197266 0.485677 0.198568 0.485677 0.200521 0.486328 0.201172 0.486328 0.203125 0.493490 0.203125 0.493490 0.201172 0.494141 0.200521 0.494141 0.195964 0.494792 0.195312 0.494792 0.192057 0.493490 0.190755 0.493490 0.190104 0.492839 0.189453 0.492839 0.188151 0.492188 0.187500 0.492188 0.186849 0.491536 0.186198 0.491536 0.185547 0.487630 0.181641 0.486979 0.181641 0.486328 0.180990 0.483724 0.180990 0.483073 0.180339 0.479818 0.180339 0.479167 0.180990 0.477865 0.180990 0.477214 0.181641 0.476562 0.181641 0.475911 0.182292
0 0.475260 0.185547 0.474609 0.186198 0.474609 0.194010 0.475260 0.194661 0.475260 0.197266 0.475911 0.196615 0.476562 0.196615 0.477214 0.195964 0.478516 0.195964 0.479167 0.195312 0.481771 0.195312 0.482422 0.195964 0.484375 0.195964 0.485026 0.196615 0.486328 0.196615 0.486979 0.197266 0.487630 0.197266 0.488932 0.198568 0.488932 0.199219 0.489583 0.199870 0.489583 0.200521 0.490234 0.201172 0.490234 0.201823 0.490885 0.202474 0.491536 0.202474 0.491536 0.201823 0.492188 0.201172 0.492188 0.199870 0.492839 0.199219 0.492839 0.197266 0.493490 0.196615 0.493490 0.195312 0.494141 0.194661 0.494141 0.191406 0.493490 0.190755 0.493490 0.190104 0.492839 0.189453 0.492839 0.188151 0.492188 0.187500 0.492188 0.186849 0.490885 0.185547 0.490234 0.185547 0.489583 0.184896 0.488932 0.184896 0.488281 0.184245 0.487630 0.184245 0.486328 0.182943 0.484375 0.182943 0.483724 0.183594 0.482422 0.183594 0.481771 0.184245 0.479818 0.184245 0.479167 0.184896 0.477214 0.184896 0.476562 0.185547
1 0.524089 0.134766 0.524089 0.135417 0.523438 0.136068 0.523438 0.136719 0.522786 0.137370 0.522786 0.139323 0.523438 0.139974 0.523438 0.141927 0.524089 0.142578 0.524089 0.143880 0.524740 0.144531 0.526693 0.144531 0.527344 0.145182 0.528646 0.145182 0.529297 0.145833 0.531901 0.145833 0.532552 0.145182 0.535807 0.145182 0.537760 0.143229 0.537760 0.138672 0.537109 0.138021 0.537109 0.137370 0.536458 0.136719 0.536458 0.136068 0.535156 0.134766 0.533203 0.134766 0.532552 0.134115 0.531901 0.134115 0.531250 0.133464 0.530599 0.133464 0.529948 0.132812 0.528646 0.132812 0.527995 0.133464 0.526042 0.133464 0.525391 0.134115 0.524740 0.134115
0 0.473307 0.181641 0.473307 0.186849 0.475260 0.188802 0.475911 0.188802 0.476562 0.188151 0.484375 0.188151 0.485026 0.188802 0.491536 0.188802 0.491536 0.188151 0.492188 0.187500 0.492188 0.182292 0.491536 0.181641 0.491536 0.180339 0.490234 0.179036 0.490234 0.178385 0.487630 0.175781 0.486979 0.175781 0.486328 0.175130 0.480469 0.175130 0.479818 0.175781 0.479167 0.175781 0.478516 0.176432 0.477865 0.176432 0.476562 0.177734 0.475911 0.177734 0.474609 0.179036 0.474609 0.179688 0.473958 0.180339 0.473958 0.180990
1 0.469401 0.158854 0.468750 0.159505 0.468750 0.160156 0.468099 0.160807 0.468099 0.162109 0.467448 0.162760 0.467448 0.164714 0.466797 0.165365 0.466797 0.166667 0.467448 0.167318 0.467448 0.171224 0.468750 0.172526 0.468750 0.173177 0.469401 0.173828 0.469401 0.174479 0.470052 0.175130 0.473958 0.175130 0.474609 0.175781 0.475260 0.175781 0.475911 0.175130 0.476562 0.175130 0.477214 0.174479 0.477865 0.174479 0.478516 0.173828 0.479167 0.173828 0.481120 0.171875 0.481120 0.168620 0.480469 0.167969 0.480469 0.166016 0.478516 0.164062 0.478516 0.163411 0.477865 0.162760 0.477865 0.162109 0.477214 0.161458 0.477214 0.160156 0.476562 0.160156 0.475260 0.158854
1 0.470052 0.160156 0.470052 0.160807 0.469401 0.161458 0.469401 0.162109 0.468750 0.162760 0.468750 0.164062 0.468099 0.164714 0.468099 0.171875 0.468750 0.172526 0.468750 0.175130 0.469401 0.175781 0.469401 0.176432 0.470703 0.177734 0.471354 0.177734 0.475260 0.181641 0.475260 0.182292 0.476562 0.182292 0.477214 0.182943 0.487630 0.182943 0.488281 0.182292 0.488932 0.182292 0.489583 0.181641 0.489583 0.176432 0.488281 0.175130 0.487630 0.175130 0.484375 0.171875 0.484375 0.171224 0.481120 0.167969 0.481120 0.167318 0.480469 0.166667 0.479818 0.166667 0.479167 0.166016 0.477214 0.166016 0.476562 0.165365 0.476562 0.162109 0.475911 0.161458 0.475911 0.160156 0.475260 0.159505 0.473307 0.159505 0.472656 0.160156
1 0.470052 0.172526 0.470052 0.173828 0.469401 0.174479 0.469401 0.176432 0.470052 0.177083 0.470703 0.177083 0.473307 0.179688 0.473307 0.180339 0.473958 0.180990 0.473958 0.182292 0.474609 0.182943 0.474609 0.184245 0.475260 0.184896 0.475260 0.185547 0.475911 0.186198 0.477865 0.186198 0.478516 0.186849 0.488281 0.186849 0.488932 0.186198 0.489583 0.186198 0.491536 0.184245 0.491536 0.180339 0.490234 0.179036 0.490234 0.178385 0.489583 0.177734 0.489583 0.177083 0.486979 0.174479 0.486328 0.174479 0.485677 0.173828 0.485026 0.173828 0.483724 0.172526 0.483073 0.172526 0.482422 0.171875 0.482422 0.171224 0.480469 0.169271 0.479818 0.169922 0.477214 0.169922 0.476562 0.170573 0.473958 0.170573 0.473307 0.171224 0.472005 0.171224 0.471354 0.171875 0.470703 0.171875
0 0.501953 0.143229 0.501953 0.144531 0.501302 0.145182 0.501302 0.145833 0.500651 0.146484 0.500651 0.147135 0.500000 0.147786 0.500000 0.152344 0.500651 0.152995 0.500651 0.155599 0.501302 0.156250 0.501302 0.157552 0.501953 0.158203 0.501953 0.158854 0.503255 0.160156 0.505208 0.160156 0.505859 0.160807 0.506510 0.160807 0.507161 0.161458 0.507812 0.161458 0.508464 0.160807 0.509115 0.160807 0.509766 0.160156 0.510417 0.160156 0.511068 0.159505 0.511719 0.159505 0.511719 0.158854 0.512370 0.158203 0.512370 0.156901 0.513021 0.156250 0.513021 0.154297 0.512370 0.153646 0.512370 0.152344 0.511719 0.151693 0.511719 0.149740 0.511068 0.149089 0.511068 0.148438 0.507812 0.145182 0.506510 0.145182 0.505859 0.144531 0.505208 0.144531 0.504557 0.143880 0.503906 0.143880 0.503255 0.143229
