2 0.500000 0.448568 0.497396 0.452474 0.498047 0.459635 0.490234 0.489583 0.492839 0.507812 0.503906 0.517578 0.507161 0.524740 0.526042 0.541016 0.576172 0.594401 0.583984 0.614583 0.595052 0.619141 0.613281 0.636068 0.624349 0.651693 0.638021 0.658854 0.670573 0.654948 0.694010 0.647135 0.699870 0.643229 0.703125 0.628906 0.701823 0.613932 0.706380 0.583984 0.704427 0.576823 0.690755 0.561198 0.658203 0.538411 0.632161 0.513672 0.598958 0.488281 0.585286 0.473307 0.551432 0.446615 0.534505 0.442708
2 0.352214 0.354167 0.350260 0.356120 0.348958 0.360026 0.348958 0.379557 0.354818 0.407552 0.362630 0.427083 0.371094 0.438151 0.377604 0.453776 0.380208 0.456380 0.382812 0.462240 0.387370 0.466797 0.388021 0.469401 0.393880 0.475260 0.397786 0.475260 0.403646 0.473307 0.423177 0.473307 0.429688 0.472005 0.437500 0.472656 0.442057 0.469401 0.443359 0.458333 0.444010 0.420573 0.438151 0.408854 0.432943 0.403646 0.427734 0.393880 0.408203 0.372396 0.401042 0.361328 0.394531 0.354818 0.388672 0.352214 0.380859 0.351562 0.357422 0.352214
2 0.109375 0.518229 0.106771 0.516927 0.083984 0.516927 0.048177 0.520833 0.041667 0.524089 0.039062 0.530599 0.031901 0.570312 0.027344 0.583333 0.020833 0.621745 0.018229 0.627604 0.014974 0.649089 0.005208 0.690755 0.004557 0.698568 0.007161 0.703125 0.094401 0.700521 0.109375 0.696615 0.113932 0.667969 0.113281 0.651693 0.116536 0.598958 0.113932 0.540365
2 0.425781 0.347005 0.420573 0.350260 0.415365 0.360026 0.415365 0.373047 0.419922 0.381510 0.428385 0.390625 0.436849 0.404948 0.444661 0.414714 0.446615 0.422526 0.447917 0.439453 0.455078 0.445964 0.462891 0.458984 0.475911 0.473958 0.479818 0.475260 0.486328 0.474609 0.491536 0.469401 0.491536 0.451823 0.493490 0.446615 0.500651 0.442708 0.524089 0.440755 0.529297 0.438151 0.530599 0.421224 0.526693 0.415365 0.500000 0.391276 0.497396 0.386068 0.488932 0.375651 0.485677 0.373698 0.478516 0.364583 0.463542 0.350260 0.454427 0.346354 0.432292 0.345703
1 0.360677 0.539714 0.356120 0.545573 0.356120 0.552734 0.358073 0.557292 0.359375 0.563802 0.362630 0.570312 0.364583 0.577474 0.365885 0.579427 0.366536 0.583333 0.369141 0.586589 0.369141 0.587891 0.371745 0.593099 0.371745 0.595052 0.375000 0.599609 0.377604 0.602214 0.384115 0.605469 0.401042 0.604818 0.404948 0.603516 0.410156 0.603516 0.412760 0.602214 0.415365 0.602214 0.417318 0.600911 0.420573 0.594401 0.420573 0.583333 0.419271 0.581380 0.416016 0.569661 0.414062 0.567057 0.411458 0.559896 0.404948 0.548177 0.395182 0.539062 0.388021 0.536458 0.366536 0.537760
1 0.279297 0.509115 0.274089 0.514974 0.273438 0.516927 0.273438 0.526042 0.274089 0.526693 0.274089 0.529297 0.276042 0.533203 0.277344 0.542318 0.278646 0.544922 0.279948 0.550781 0.281250 0.552734 0.281901 0.558594 0.285156 0.568359 0.290365 0.571615 0.292318 0.571615 0.295573 0.572917 0.316406 0.572266 0.317057 0.571615 0.328776 0.569661 0.330729 0.567708 0.330729 0.565755 0.331380 0.565104 0.331380 0.559245 0.332031 0.558594 0.331380 0.550130 0.330078 0.546875 0.328776 0.539062 0.325521 0.530599 0.323568 0.520833 0.319010 0.512370 0.311849 0.507812 0.309896 0.507812 0.306641 0.506510 0.303385 0.506510 0.302734 0.505859 0.290365 0.505859 0.289714 0.506510 0.283854 0.507161
1 0.308594 0.414714 0.307943 0.416016 0.307943 0.417969 0.307292 0.418620 0.307292 0.427083 0.307943 0.427734 0.307943 0.430339 0.308594 0.430990 0.308594 0.436198 0.309245 0.436849 0.309896 0.442057 0.315104 0.449870 0.315755 0.449870 0.318359 0.451823 0.320312 0.451823 0.322917 0.453125 0.332031 0.453125 0.332682 0.452474 0.339193 0.452474 0.339844 0.453125 0.345052 0.453125 0.345703 0.453776 0.349609 0.453776 0.350260 0.454427 0.352214 0.452474 0.352865 0.449870 0.353516 0.449219 0.353516 0.444661 0.354167 0.444010 0.354167 0.440104 0.353516 0.439453 0.353516 0.434896 0.352865 0.434245 0.352865 0.431641 0.352214 0.430990 0.352214 0.429036 0.351562 0.428385 0.350911 0.424479 0.349609 0.421875 0.348307 0.420573 0.345703 0.416016 0.343750 0.414062 0.333984 0.409505 0.326172 0.409505 0.325521 0.410156 0.321615 0.410156 0.320964 0.410807 0.318359 0.410807 0.317708 0.411458 0.315755 0.411458 0.315104 0.412109 0.312500 0.412109
2 0.050781 0.287760 0.046875 0.287109 0.046224 0.286458 0.044271 0.287109 0.017578 0.287109 0.016927 0.287760 0.009115 0.287760 0.008464 0.288411 0.005859 0.288411 0.001953 0.291667 0.000000 0.291667 0.000000 0.341146 0.003255 0.341146 0.003906 0.341797 0.009115 0.342448 0.018229 0.347656 0.035807 0.347656 0.039062 0.346354 0.040365 0.345052 0.041016 0.341797 0.042969 0.338542 0.043620 0.335938 0.046224 0.333333 0.046875 0.331380 0.052734 0.322917 0.052734 0.320964 0.054036 0.318359 0.054688 0.300130 0.054036 0.299479 0.053385 0.291667 0.052734 0.289714
1 0.159505 0.399089 0.157552 0.401693 0.155599 0.405599 0.155599 0.406901 0.154297 0.409505 0.154297 0.412109 0.153646 0.412760 0.153646 0.429688 0.154297 0.430339 0.154297 0.437500 0.154948 0.438151 0.154948 0.441406 0.155599 0.442708 0.158854 0.445312 0.171224 0.445312 0.171875 0.444661 0.178385 0.444661 0.179036 0.444010 0.182943 0.444010 0.183594 0.443359 0.185547 0.443359 0.186198 0.442708 0.188151 0.442708 0.189453 0.442057 0.191406 0.440104 0.192708 0.437500 0.192708 0.421224 0.192057 0.420573 0.192057 0.417969 0.191406 0.417318 0.191406 0.415365 0.190755 0.414714 0.190755 0.412109 0.190104 0.411458 0.190104 0.409505 0.188802 0.407552 0.188151 0.404297 0.184896 0.399740 0.184896 0.399089 0.181641 0.397135 0.168620 0.397135 0.167969 0.397786 0.164062 0.397786 0.163411 0.398438 0.160807 0.398438
1 0.240885 0.366536 0.240885 0.367188 0.240234 0.367839 0.240234 0.369792 0.239583 0.370443 0.239583 0.379557 0.240234 0.380208 0.240234 0.388021 0.240885 0.388672 0.240885 0.389974 0.241536 0.390625 0.241536 0.393880 0.242839 0.395182 0.243490 0.395182 0.244141 0.395833 0.245443 0.395833 0.246094 0.396484 0.251953 0.396484 0.252604 0.395833 0.266927 0.395833 0.267578 0.396484 0.268880 0.396484 0.269531 0.395833 0.271484 0.395833 0.272135 0.395182 0.273438 0.395182 0.274089 0.394531 0.274089 0.392578 0.274740 0.391927 0.274740 0.380208 0.274089 0.379557 0.274089 0.375000 0.273438 0.374349 0.273438 0.371745 0.272786 0.371094 0.272786 0.369141 0.272135 0.368490 0.272135 0.367188 0.271484 0.366536 0.271484 0.365885 0.270182 0.364583 0.269531 0.364583 0.268880 0.363932 0.267578 0.363932 0.266927 0.363281 0.263672 0.363281 0.263021 0.362630 0.255208 0.362630 0.254557 0.363281 0.249349 0.363281 0.248698 0.363932 0.246094 0.363932 0.245443 0.364583 0.244792 0.364583 0.244141 0.365234 0.242839 0.365234
1 0.284505 0.328776 0.284505 0.329427 0.283854 0.330078 0.283854 0.330729 0.283203 0.331380 0.283203 0.332031 0.281901 0.333984 0.281901 0.337240 0.282552 0.337891 0.282552 0.341797 0.283203 0.342448 0.283203 0.344401 0.283854 0.345052 0.283854 0.346354 0.284505 0.347005 0.284505 0.348958 0.285156 0.349609 0.285156 0.352214 0.286458 0.354167 0.287109 0.354167 0.287760 0.354818 0.289062 0.354818 0.289714 0.355469 0.309245 0.355469 0.309896 0.354818 0.311849 0.354818 0.312500 0.354167 0.312500 0.352865 0.313151 0.352214 0.313151 0.349609 0.313802 0.348958 0.313802 0.340495 0.313151 0.339844 0.313151 0.337891 0.312500 0.337240 0.312500 0.335938 0.311849 0.335286 0.311849 0.334635 0.309896 0.332682 0.309896 0.332031 0.307292 0.329427 0.306641 0.329427 0.305990 0.328776 0.304688 0.328776 0.304036 0.328125 0.302083 0.328125 0.301432 0.327474 0.287760 0.327474 0.287109 0.328125 0.285156 0.328125
2 0.009115 0.344401 0.000000 0.344401 0.000000 0.472656 0.007812 0.472005 0.010417 0.467448 0.016276 0.435547 0.017578 0.419922 0.019531 0.412109 0.020182 0.397786 0.020833 0.397135 0.020182 0.376953 0.016276 0.361328 0.015625 0.350260 0.013021 0.346354 0.011719 0.346354
1 0.236328 0.307943 0.234375 0.309896 0.234375 0.310547 0.233073 0.312500 0.233073 0.314453 0.232422 0.315104 0.232422 0.326823 0.233073 0.327474 0.233073 0.328776 0.233724 0.329427 0.233724 0.330729 0.234375 0.331380 0.234375 0.332682 0.235026 0.333333 0.235026 0.334635 0.235677 0.335286 0.235677 0.335938 0.236979 0.337240 0.238281 0.337240 0.238932 0.337891 0.240234 0.337891 0.240885 0.338542 0.255208 0.338542 0.255859 0.337891 0.259115 0.337891 0.259766 0.337240 0.261068 0.337240 0.261719 0.336589 0.263021 0.336589 0.263021 0.335938 0.264323 0.333984 0.264323 0.328776 0.263672 0.328125 0.263672 0.323568 0.263021 0.322917 0.263021 0.322266 0.263672 0.321615 0.263672 0.316406 0.263021 0.315755 0.263021 0.313151 0.262370 0.312500 0.262370 0.311849 0.260417 0.309896 0.259766 0.309896 0.258464 0.308594 0.257161 0.308594 0.256510 0.307943 0.255208 0.307943 0.253255 0.306641 0.239583 0.306641 0.237630 0.307943
1 0.265625 0.284505 0.265625 0.285156 0.264974 0.285807 0.264974 0.287760 0.264323 0.288411 0.264323 0.293620 0.263672 0.294271 0.263672 0.295573 0.264323 0.296224 0.264323 0.296875 0.265625 0.298177 0.265625 0.298828 0.266276 0.299479 0.266927 0.299479 0.268229 0.300781 0.276042 0.300781 0.276693 0.301432 0.287109 0.301432 0.287760 0.300781 0.288411 0.300781 0.290365 0.298828 0.290365 0.297526 0.291016 0.296875 0.291016 0.291016 0.290365 0.290365 0.290365 0.287760 0.289714 0.287109 0.289714 0.286458 0.289062 0.285807 0.289062 0.285156 0.288411 0.284505 0.287760 0.284505 0.284505 0.281250 0.281901 0.281250 0.281250 0.280599 0.277995 0.280599 0.277344 0.279948 0.272786 0.279948 0.272135 0.280599 0.270833 0.280599 0.270182 0.281250 0.268880 0.281250
1 0.304688 0.281250 0.304688 0.281901 0.304036 0.282552 0.304036 0.283203 0.303385 0.283854 0.303385 0.290365 0.304036 0.291016 0.304036 0.293620 0.304688 0.294271 0.304688 0.296224 0.305339 0.296875 0.305339 0.297526 0.306641 0.298828 0.307943 0.298828 0.308594 0.299479 0.326172 0.299479 0.326823 0.298828 0.328776 0.298828 0.331380 0.296224 0.331380 0.291667 0.332031 0.291016 0.332031 0.290365 0.331380 0.289714 0.331380 0.284505 0.330078 0.283203 0.330078 0.282552 0.328776 0.281250 0.326172 0.281250 0.325521 0.280599 0.311198 0.280599 0.310547 0.279948 0.306641 0.279948 0.305990 0.280599 0.305339 0.280599
1 0.072917 0.287760 0.072917 0.292969 0.073568 0.293620 0.073568 0.295573 0.075521 0.297526 0.076172 0.297526 0.076823 0.298177 0.078125 0.298177 0.078776 0.298828 0.083984 0.298828 0.084635 0.298177 0.089844 0.298177 0.090495 0.297526 0.093099 0.297526 0.093750 0.296875 0.095703 0.296875 0.097656 0.294922 0.097656 0.292969 0.098307 0.292318 0.098307 0.289062 0.097656 0.288411 0.097656 0.285807 0.095052 0.283203 0.091797 0.283203 0.091146 0.282552 0.078125 0.282552 0.077474 0.283203 0.076823 0.283203 0.076172 0.283854 0.075521 0.283854 0.074219 0.285156 0.074219 0.285807 0.073568 0.286458 0.073568 0.287109
2 0.105469 0.141276 0.105469 0.141927 0.104167 0.143880 0.104167 0.145833 0.104818 0.146484 0.104818 0.154297 0.105469 0.154948 0.105469 0.155599 0.106771 0.156901 0.106771 0.157552 0.107422 0.158203 0.107422 0.158854 0.110677 0.162109 0.112630 0.162109 0.113281 0.162760 0.118490 0.162760 0.119141 0.163411 0.126302 0.163411 0.126953 0.164062 0.127604 0.163411 0.128906 0.163411 0.130208 0.162109 0.130859 0.162109 0.130859 0.161458 0.132161 0.160156 0.132161 0.152995 0.131510 0.152344 0.131510 0.150391 0.130859 0.149740 0.130859 0.148438 0.130208 0.147786 0.130208 0.147135 0.129557 0.146484 0.129557 0.145833 0.128906 0.145182 0.128906 0.144531 0.127604 0.143229 0.127604 0.142578 0.126953 0.141927 0.126302 0.141927 0.125000 0.140625 0.124349 0.140625 0.123698 0.139974 0.123047 0.139974 0.121745 0.138672 0.110026 0.138672 0.109375 0.139323 0.108073 0.139323 0.106771 0.140625 0.106120 0.140625
1 0.256510 0.197266 0.256510 0.197917 0.255859 0.198568 0.255859 0.204427 0.256510 0.205078 0.256510 0.205729 0.258464 0.207682 0.259766 0.207682 0.260417 0.208333 0.263021 0.208333 0.263672 0.208984 0.269531 0.208984 0.270182 0.208333 0.272786 0.208333 0.273438 0.207682 0.274089 0.207682 0.274740 0.207031 0.274740 0.205729 0.275391 0.205078 0.275391 0.201823 0.274740 0.201172 0.274740 0.199870 0.274089 0.199219 0.274089 0.197917 0.268880 0.192708 0.263021 0.192708 0.261719 0.194010 0.261068 0.194010 0.259766 0.195312 0.259115 0.195312 0.257812 0.196615 0.257161 0.196615
1 0.633464 0.026693 0.632161 0.027995 0.631510 0.027995 0.630859 0.028646 0.630859 0.029297 0.626953 0.033203 0.626953 0.033854 0.626302 0.034505 0.626302 0.035807 0.625651 0.036458 0.625651 0.039062 0.625000 0.039714 0.625000 0.043620 0.624349 0.044271 0.624349 0.050781 0.623698 0.051432 0.623698 0.056641 0.624349 0.057292 0.624349 0.058594 0.625000 0.059245 0.625000 0.059896 0.626302 0.061198 0.626302 0.061849 0.626953 0.061849 0.628906 0.063151 0.630208 0.063151 0.630859 0.063802 0.632161 0.063802 0.632812 0.064453 0.635417 0.064453 0.636068 0.065104 0.639323 0.065104 0.639974 0.065755 0.642578 0.065755 0.643229 0.066406 0.648438 0.066406 0.649089 0.067057 0.649740 0.066406 0.651693 0.066406 0.652344 0.065755 0.654948 0.065755 0.655599 0.065104 0.656250 0.065104 0.660156 0.061849 0.660156 0.061198 0.660807 0.060547 0.660807 0.059245 0.661458 0.058594 0.661458 0.056641 0.662109 0.055990 0.662109 0.045573 0.661458 0.044922 0.661458 0.043620 0.660807 0.042969 0.660807 0.041667 0.660156 0.041016 0.660156 0.040365 0.659505 0.040365 0.658203 0.039062 0.656250 0.038411 0.652344 0.035156 0.651693 0.035156 0.649089 0.032552 0.649089 0.031901 0.647135 0.029948 0.647135 0.029297 0.646484 0.028646 0.645833 0.028646 0.643880 0.026693 0.642578 0.026693 0.641927 0.026042 0.639323 0.026042 0.638672 0.025391 0.638021 0.025391 0.637370 0.026042 0.635417 0.026042 0.634766 0.026693
1 0.246745 0.207031 0.240234 0.207031 0.239583 0.207682 0.238281 0.207682 0.237630 0.208333 0.236979 0.208333 0.236328 0.208984 0.235026 0.208984 0.234375 0.209635 0.234375 0.210286 0.233073 0.211589 0.233073 0.212891 0.232422 0.213542 0.232422 0.218099 0.231771 0.218750 0.231771 0.220052 0.232422 0.220703 0.232422 0.222005 0.233073 0.222656 0.233073 0.223307 0.235026 0.225260 0.245443 0.225260 0.246094 0.224609 0.246745 0.224609 0.247396 0.223958 0.248047 0.223958 0.249349 0.222656 0.249349 0.222005 0.251302 0.220052 0.251302 0.215495 0.250651 0.214844 0.250651 0.213542 0.250000 0.212891 0.250000 0.212240 0.249349 0.211589 0.249349 0.210938 0.248698 0.210286 0.248698 0.208984
1 0.078125 0.214844 0.078125 0.222656 0.078776 0.223307 0.078776 0.225260 0.079427 0.225911 0.080078 0.225911 0.080729 0.226562 0.091146 0.226562 0.091797 0.225911 0.093750 0.225911 0.094401 0.225260 0.096354 0.225260 0.097005 0.224609 0.098958 0.224609 0.099609 0.223958 0.101562 0.223958 0.102214 0.223307 0.103516 0.223307 0.104167 0.222656 0.104818 0.222656 0.105469 0.222005 0.105469 0.218750 0.106120 0.218099 0.106120 0.212891 0.105469 0.212240 0.105469 0.210938 0.103516 0.208984 0.102865 0.208984 0.102214 0.208333 0.100911 0.208333 0.100260 0.207682 0.083984 0.207682 0.080729 0.210938 0.080729 0.211589 0.078776 0.213542 0.078776 0.214193
1 0.246094 0.179688 0.246094 0.180339 0.245443 0.180990 0.245443 0.183594 0.244792 0.184245 0.244792 0.187500 0.246094 0.188802 0.246094 0.189453 0.246745 0.190104 0.247396 0.190104 0.248047 0.190755 0.249349 0.190755 0.250000 0.191406 0.250651 0.191406 0.251302 0.192057 0.258464 0.192057 0.259115 0.191406 0.260417 0.191406 0.261068 0.190755 0.261719 0.190755 0.262370 0.190104 0.263021 0.190104 0.264323 0.188802 0.264323 0.186198 0.263672 0.185547 0.263672 0.184245 0.263021 0.183594 0.263021 0.182943 0.260417 0.180339 0.259766 0.180339 0.257812 0.178385 0.256510 0.178385 0.255859 0.177734 0.254557 0.177734 0.253906 0.177083 0.253255 0.177083 0.252604 0.176432 0.251953 0.176432 0.251302 0.177083 0.250651 0.177083 0.250000 0.177734 0.248698 0.177734 0.248047 0.178385 0.247396 0.178385
1 0.440104 0.513021 0.438151 0.518880 0.438151 0.523438 0.437500 0.524089 0.440755 0.535156 0.457031 0.554036 0.460938 0.563802 0.460938 0.566406 0.464193 0.570312 0.469401 0.570964 0.473958 0.572917 0.493490 0.572917 0.494141 0.572266 0.502604 0.571615 0.507812 0.569661 0.509115 0.567708 0.511068 0.556641 0.504557 0.531901 0.500000 0.524089 0.494792 0.519531 0.490234 0.513021 0.485677 0.509115 0.481771 0.507161 0.467448 0.507161 0.466797 0.507812 0.460286 0.507812 0.454427 0.509766 0.444661 0.511068
1 0.083984 0.180990 0.080729 0.184245 0.080078 0.184245 0.078776 0.185547 0.078776 0.186198 0.078125 0.186849 0.078125 0.187500 0.077474 0.188151 0.077474 0.190104 0.076823 0.190755 0.076823 0.191406 0.076172 0.192057 0.076172 0.192708 0.076823 0.192708 0.077474 0.193359 0.078125 0.193359 0.078776 0.194010 0.079427 0.194010 0.080078 0.194661 0.080729 0.194661 0.081380 0.195312 0.082031 0.195312 0.083984 0.197266 0.085938 0.197266 0.086589 0.197917 0.090495 0.197917 0.091146 0.197266 0.091797 0.197266 0.092448 0.196615 0.093099 0.196615 0.094401 0.195312 0.094401 0.194010 0.095052 0.193359 0.095052 0.191406 0.094401 0.190755 0.094401 0.184896 0.093750 0.184245 0.093750 0.183594 0.093099 0.182943 0.093099 0.182292 0.091797 0.180990 0.091146 0.180990 0.090495 0.180339 0.087240 0.180339 0.086589 0.180990
1 0.225260 0.195312 0.225260 0.197266 0.224609 0.197917 0.224609 0.199219 0.225260 0.199870 0.225260 0.203776 0.227865 0.206380 0.228516 0.206380 0.229167 0.207031 0.229818 0.207031 0.230469 0.207682 0.233724 0.207682 0.234375 0.207031 0.237630 0.207031 0.238281 0.206380 0.240234 0.206380 0.240885 0.205729 0.242839 0.205729 0.243490 0.205078 0.244141 0.205078 0.245443 0.203776 0.245443 0.202474 0.246094 0.201823 0.246094 0.197917 0.242188 0.194010 0.242188 0.193359 0.241536 0.192708 0.239583 0.192708 0.238932 0.192057 0.229167 0.192057 0.228516 0.192708 0.227214 0.192708 0.226562 0.193359 0.226562 0.194010
1 0.220052 0.159505 0.220052 0.160156 0.219401 0.160807 0.219401 0.161458 0.218750 0.162109 0.218750 0.163411 0.218099 0.164062 0.218099 0.171875 0.219401 0.173177 0.219401 0.173828 0.220052 0.173828 0.220703 0.174479 0.223958 0.174479 0.224609 0.175130 0.225260 0.175130 0.225911 0.174479 0.227214 0.174479 0.227865 0.173828 0.229167 0.173828 0.229818 0.173177 0.230469 0.173177 0.232422 0.171224 0.232422 0.169922 0.231771 0.169271 0.231771 0.165365 0.231120 0.164714 0.231120 0.163411 0.230469 0.162760 0.230469 0.162109 0.227865 0.159505 0.227214 0.159505 0.226562 0.158854 0.222005 0.158854 0.221354 0.159505
1 0.078776 0.194010 0.076823 0.194010 0.076172 0.194661 0.074870 0.194661 0.074219 0.195312 0.072917 0.195312 0.072917 0.195964 0.070964 0.197917 0.070964 0.199219 0.070312 0.199870 0.070312 0.200521 0.069661 0.201172 0.069661 0.201823 0.069010 0.202474 0.069010 0.203125 0.068359 0.203776 0.068359 0.208984 0.071615 0.212240 0.071615 0.212891 0.072917 0.214193 0.073568 0.214193 0.074219 0.213542 0.074870 0.213542 0.075521 0.212891 0.076823 0.212891 0.077474 0.212240 0.078125 0.212240 0.078776 0.211589 0.078776 0.210938 0.080729 0.208984 0.081380 0.208984 0.083984 0.206380 0.084635 0.206380 0.085938 0.205078 0.086589 0.205078 0.087891 0.203776 0.087891 0.203125 0.087240 0.202474 0.087240 0.201823 0.085286 0.199870 0.085286 0.199219 0.083984 0.197917 0.083333 0.197917 0.082682 0.197266 0.082031 0.197266 0.080729 0.195964 0.080078 0.195964 0.078776 0.194661
1 0.122396 0.165365 0.119141 0.165365 0.118490 0.164714 0.115885 0.164714 0.115234 0.165365 0.112630 0.165365 0.111979 0.166016 0.111328 0.166016 0.106120 0.171224 0.106120 0.173177 0.105469 0.173828 0.105469 0.175781 0.104818 0.176432 0.105469 0.177083 0.105469 0.177734 0.108724 0.180990 0.109375 0.180990 0.110026 0.181641 0.110026 0.182292 0.111328 0.183594 0.111979 0.182943 0.112630 0.182943 0.113281 0.182292 0.113932 0.182292 0.114583 0.181641 0.115234 0.181641 0.115885 0.180990 0.116536 0.180990 0.121094 0.176432 0.121745 0.176432 0.121745 0.175781 0.122396 0.175130 0.122396 0.173828 0.123047 0.173177 0.123047 0.171875 0.123698 0.171224 0.123698 0.168620 0.123047 0.167969 0.123047 0.166016
1 0.100260 0.159505 0.097656 0.159505 0.097005 0.158854 0.093099 0.158854 0.092448 0.159505 0.089844 0.159505 0.089193 0.160156 0.088542 0.160156 0.088542 0.160807 0.085938 0.163411 0.085286 0.163411 0.083333 0.165365 0.083333 0.174479 0.083984 0.175130 0.083984 0.175781 0.084635 0.176432 0.085286 0.176432 0.085938 0.177083 0.087240 0.177083 0.087891 0.177734 0.090495 0.177734 0.091146 0.177083 0.092448 0.177083 0.093099 0.176432 0.094401 0.176432 0.095052 0.175781 0.095052 0.175130 0.096354 0.173828 0.096354 0.173177 0.098958 0.170573 0.098958 0.169922 0.100260 0.168620 0.100260 0.167969 0.100911 0.167318 0.100911 0.166667 0.101562 0.166016 0.101562 0.163411 0.100911 0.162760 0.100911 0.160156
1 0.237630 0.160807 0.237630 0.162109 0.236979 0.162760 0.236979 0.164714 0.236328 0.165365 0.236979 0.166016 0.236979 0.166667 0.237630 0.167318 0.237630 0.168620 0.238281 0.169271 0.238281 0.169922 0.238932 0.170573 0.238932 0.171224 0.241536 0.173828 0.247396 0.173828 0.248047 0.173177 0.249349 0.173177 0.250000 0.172526 0.251953 0.172526 0.252604 0.171875 0.252604 0.165365 0.247396 0.160156 0.246745 0.160156 0.246094 0.159505 0.243490 0.159505 0.242839 0.158854 0.240885 0.158854 0.240234 0.159505 0.238932 0.159505
2 0.456380 0.317708 0.455078 0.323568 0.460938 0.328125 0.462891 0.333333 0.467448 0.337891 0.472656 0.345052 0.477865 0.349609 0.480469 0.354167 0.483724 0.363281 0.483724 0.365234 0.485677 0.368490 0.490234 0.367839 0.496745 0.362630 0.501302 0.366536 0.502604 0.371094 0.505859 0.374349 0.507812 0.378255 0.518229 0.385417 0.522786 0.385417 0.524089 0.386068 0.526693 0.384766 0.535156 0.375651 0.536458 0.372396 0.535807 0.365234 0.529948 0.355469 0.501953 0.330729 0.499349 0.327474 0.494141 0.324219 0.491536 0.321615 0.484375 0.317708 0.470052 0.314453 0.460938 0.314453 0.458984 0.315104
1 0.222656 0.181641 0.222656 0.183594 0.222005 0.184245 0.222005 0.187500 0.222656 0.188151 0.223307 0.188151 0.225260 0.190104 0.238281 0.190104 0.238932 0.189453 0.240234 0.189453 0.240885 0.188802 0.241536 0.188802 0.241536 0.188151 0.242188 0.187500 0.242188 0.186198 0.241536 0.185547 0.241536 0.183594 0.240885 0.182943 0.240885 0.182292 0.236979 0.178385 0.236328 0.178385 0.235677 0.177734 0.233724 0.177734 0.233073 0.177083 0.231771 0.177083 0.231120 0.176432 0.230469 0.176432 0.229818 0.177083 0.229167 0.177083 0.228516 0.177734 0.227865 0.177734 0.227214 0.178385 0.226562 0.178385 0.225911 0.179036 0.225260 0.179036 0.224609 0.179688 0.223958 0.179688 0.223307 0.180339 0.223307 0.180990
1 0.222656 0.186849 0.222656 0.187500 0.223307 0.188151 0.223307 0.188802 0.223958 0.189453 0.223958 0.190104 0.224609 0.190755 0.224609 0.191406 0.225260 0.192057 0.225260 0.192708 0.225911 0.193359 0.226562 0.193359 0.227214 0.194010 0.229167 0.194010 0.229818 0.194661 0.240885 0.194661 0.242188 0.193359 0.242188 0.187500 0.241536 0.186849 0.241536 0.186198 0.240885 0.185547 0.240234 0.185547 0.238281 0.183594 0.238281 0.182943 0.236328 0.180990 0.229167 0.180990 0.228516 0.181641 0.227214 0.181641 0.225911 0.182943 0.225260 0.182943 0.225260 0.183594 0.223958 0.184896 0.223958 0.185547
1 0.274089 0.133464 0.273438 0.134115 0.273438 0.134766 0.272786 0.135417 0.272786 0.136068 0.272135 0.136719 0.272135 0.137370 0.271484 0.138021 0.271484 0.142578 0.272135 0.143229 0.272135 0.143880 0.274089 0.145833 0.285156 0.145833 0.286458 0.144531 0.286458 0.138021 0.285807 0.137370 0.285807 0.136719 0.284505 0.135417 0.281901 0.135417 0.281250 0.134766 0.279297 0.134766 0.278646 0.134115 0.276693 0.134115 0.276042 0.133464
1 0.100911 0.165365 0.100260 0.164714 0.097656 0.164714 0.097005 0.165365 0.095703 0.165365 0.095052 0.166016 0.094401 0.165365 0.093750 0.165365 0.093099 0.164714 0.092448 0.164714 0.091797 0.164062 0.089844 0.164062 0.089193 0.163411 0.088542 0.164062 0.087891 0.164062 0.087240 0.164714 0.084635 0.164714 0.083333 0.166016 0.083333 0.166667 0.082682 0.167318 0.082682 0.168620 0.082031 0.169271 0.082031 0.171224 0.081380 0.171875 0.081380 0.177083 0.083333 0.179036 0.085938 0.179036 0.086589 0.179688 0.089844 0.179688 0.090495 0.179036 0.093099 0.179036 0.093750 0.178385 0.095052 0.178385 0.096354 0.177083 0.097005 0.177083 0.098307 0.175781 0.098307 0.175130 0.098958 0.174479 0.098958 0.173828 0.100260 0.172526 0.100260 0.169922 0.100911 0.169271
1 0.220052 0.180990 0.220052 0.182292 0.220703 0.182943 0.220703 0.185547 0.221354 0.186198 0.221354 0.186849 0.222005 0.187500 0.222656 0.187500 0.223307 0.188151 0.224609 0.188151 0.225260 0.188802 0.225911 0.188802 0.226562 0.188151 0.229818 0.188151 0.230469 0.187500 0.231771 0.187500 0.232422 0.188151 0.241536 0.188151 0.241536 0.187500 0.242188 0.186849 0.242188 0.185547 0.241536 0.184896 0.241536 0.180990 0.240234 0.179688 0.239583 0.179688 0.236328 0.176432 0.235026 0.176432 0.234375 0.175781 0.232422 0.175781 0.231771 0.175130 0.229818 0.175130 0.229167 0.175781 0.227214 0.175781 0.226562 0.176432 0.224609 0.176432 0.223958 0.177083 0.223307 0.177083 0.220703 0.179688 0.220703 0.180339
1 0.101562 0.158203 0.100911 0.158203 0.100260 0.157552 0.098958 0.157552 0.098307 0.156901 0.096354 0.156901 0.095703 0.156250 0.094401 0.156250 0.093750 0.156901 0.093099 0.156901 0.092448 0.157552 0.091797 0.157552 0.091146 0.158203 0.090495 0.158203 0.089844 0.158854 0.089193 0.158854 0.088542 0.159505 0.087891 0.159505 0.087240 0.160156 0.087240 0.160807 0.086589 0.161458 0.086589 0.162109 0.083984 0.164714 0.083984 0.166016 0.084635 0.166667 0.085286 0.166667 0.085938 0.167318 0.087240 0.167318 0.087891 0.167969 0.089193 0.167969 0.090495 0.169271 0.091146 0.169271 0.092448 0.170573 0.093099 0.170573 0.093750 0.171224 0.095052 0.171224 0.096354 0.169922 0.097005 0.169922 0.098307 0.168620 0.098958 0.168620 0.099609 0.167969 0.100260 0.167969 0.100260 0.167318 0.102214 0.165365 0.102214 0.164714 0.102865 0.164062 0.102865 0.159505
2 0.117188 0.069010 0.117188 0.070312 0.116536 0.070964 0.116536 0.073568 0.122396 0.079427 0.123698 0.079427 0.124349 0.080078 0.126302 0.080078 0.126953 0.080729 0.136068 0.080729 0.136719 0.080078 0.138672 0.080078 0.139974 0.078776 0.139974 0.078125 0.140625 0.077474 0.140625 0.075521 0.141276 0.074870 0.141276 0.071615 0.140625 0.070964 0.140625 0.069661 0.139974 0.069010 0.139974 0.068359 0.139323 0.067708 0.139323 0.067057 0.138672 0.066406 0.137370 0.066406 0.136719 0.065755 0.131510 0.065755 0.130859 0.065104 0.126302 0.065104 0.125651 0.064453 0.121745 0.064453 0.119141 0.067057 0.118490 0.067057 0.117839 0.067708 0.117839 0.068359
1 0.236328 0.145182 0.236328 0.145833 0.235677 0.146484 0.235677 0.147135 0.235026 0.147786 0.235026 0.148438 0.234375 0.149089 0.234375 0.154297 0.235026 0.154948 0.235026 0.158203 0.235677 0.158854 0.235677 0.160156 0.236328 0.160807 0.238281 0.160807 0.238932 0.161458 0.245443 0.161458 0.246094 0.160807 0.248047 0.160807 0.248698 0.160156 0.248698 0.156250 0.248047 0.155599 0.248047 0.154297 0.248698 0.153646 0.248698 0.151042 0.249349 0.150391 0.249349 0.149089 0.247396 0.147135 0.247396 0.146484 0.246745 0.145833 0.236979 0.145833
1 0.100911 0.164714 0.100260 0.164062 0.089193 0.164062 0.088542 0.164714 0.087240 0.164714 0.086589 0.165365 0.084635 0.165365 0.083984 0.166016 0.083984 0.167318 0.083333 0.167969 0.083333 0.169271 0.082682 0.169922 0.082682 0.173828 0.082031 0.174479 0.082031 0.177083 0.082682 0.177734 0.082682 0.179036 0.083333 0.179688 0.083333 0.180339 0.083984 0.180990 0.088542 0.180990 0.089193 0.181641 0.089844 0.180990 0.091146 0.180990 0.091797 0.180339 0.092448 0.180339 0.093099 0.179688 0.093750 0.179688 0.094401 0.179036 0.095052 0.179036 0.096354 0.177734 0.097005 0.177734 0.098958 0.175781 0.098958 0.175130 0.099609 0.174479 0.099609 0.173828 0.100260 0.173177 0.100260 0.169922 0.100911 0.169271
1 0.222656 0.192057 0.222656 0.195312 0.223307 0.195964 0.223307 0.197917 0.223958 0.198568 0.223958 0.199870 0.224609 0.200521 0.224609 0.202474 0.225260 0.203125 0.225260 0.203776 0.225911 0.204427 0.226562 0.204427 0.227214 0.205078 0.227865 0.205078 0.229167 0.206380 0.229818 0.206380 0.230469 0.207031 0.231120 0.206380 0.232422 0.206380 0.233073 0.205729 0.234375 0.205729 0.235026 0.205078 0.236979 0.205078 0.237630 0.204427 0.244141 0.204427 0.244792 0.203776 0.246745 0.203776 0.246745 0.197266 0.244792 0.195312 0.244792 0.194661 0.243490 0.193359 0.243490 0.192708 0.242188 0.191406 0.242188 0.190755 0.241536 0.190104 0.241536 0.189453 0.240234 0.189453 0.239583 0.188802 0.238281 0.188802 0.237630 0.188151 0.233073 0.188151 0.232422 0.188802 0.227865 0.188802 0.227214 0.189453 0.225260 0.189453
