1 0.567708 0.480469 0.559245 0.479818 0.558594 0.479167 0.540365 0.479818 0.534505 0.481120 0.528646 0.486328 0.527995 0.488281 0.518229 0.501953 0.516927 0.517578 0.513672 0.526042 0.513021 0.536458 0.512370 0.537109 0.512370 0.549479 0.513672 0.552734 0.521484 0.553385 0.522135 0.552734 0.541667 0.552083 0.542318 0.551432 0.572917 0.552083 0.574219 0.550781 0.576823 0.544271 0.576823 0.541016 0.578125 0.537760 0.578776 0.531250 0.579427 0.530599 0.579427 0.525391 0.580078 0.524740 0.579427 0.501302 0.578125 0.496745 0.576172 0.493490 0.576172 0.491536 0.574219 0.489583 0.572917 0.485026
1 0.562500 0.422526 0.563151 0.423177 0.563151 0.423828 0.563802 0.423828 0.564453 0.424479 0.566406 0.424479 0.567057 0.425130 0.567708 0.425130 0.568359 0.424479 0.570964 0.424479 0.571615 0.423828 0.580078 0.423828 0.580729 0.423177 0.588542 0.423177 0.589193 0.422526 0.589844 0.423177 0.591797 0.423177 0.593750 0.424479 0.595052 0.424479 0.597656 0.421875 0.598307 0.421875 0.600260 0.420573 0.601562 0.420573 0.602865 0.419271 0.604167 0.419271 0.604818 0.418620 0.605469 0.418620 0.607422 0.416667 0.607422 0.416016 0.608073 0.415365 0.608073 0.404948 0.607422 0.404297 0.607422 0.401042 0.606771 0.400391 0.606771 0.398438 0.606120 0.397786 0.605469 0.395833 0.604818 0.395833 0.602865 0.393880 0.602214 0.393880 0.600260 0.392578 0.599609 0.392578 0.598958 0.393229 0.591797 0.393229 0.591146 0.392578 0.578776 0.392578 0.578125 0.393229 0.576823 0.393229 0.576172 0.393880 0.574870 0.393880 0.574219 0.394531 0.573568 0.394531 0.571615 0.396484 0.571615 0.397135 0.570312 0.398438 0.569661 0.400391 0.567057 0.402995 0.566406 0.404948 0.565104 0.406250 0.565104 0.406901 0.563802 0.408854 0.563802 0.410156 0.563151 0.410807 0.563151 0.412760 0.562500 0.413411
2 0.617839 0.328125 0.617839 0.328776 0.616536 0.330729 0.616536 0.337240 0.615885 0.337891 0.615885 0.339193 0.616536 0.339844 0.616536 0.343750 0.617188 0.344401 0.617188 0.345703 0.617839 0.346354 0.619141 0.349609 0.621094 0.351562 0.621745 0.351562 0.622396 0.352214 0.623698 0.352214 0.626953 0.354167 0.629557 0.354167 0.630208 0.353516 0.633464 0.353516 0.634115 0.352865 0.647786 0.352865 0.648438 0.353516 0.649740 0.353516 0.650391 0.352865 0.651693 0.352865 0.652344 0.352214 0.652995 0.352214 0.654297 0.350911 0.654297 0.334635 0.654948 0.333984 0.654297 0.333333 0.654297 0.328125 0.653646 0.327474 0.652995 0.327474 0.651042 0.326172 0.649740 0.326172 0.649089 0.325521 0.627604 0.325521 0.626953 0.326172 0.621094 0.326172 0.620443 0.326823 0.619792 0.326823 0.618490 0.328125
1 0.779948 0.346354 0.779948 0.350260 0.780599 0.350911 0.781901 0.350911 0.782552 0.351562 0.783854 0.351562 0.784505 0.352214 0.787109 0.352214 0.787760 0.352865 0.789714 0.352865 0.790365 0.353516 0.792969 0.353516 0.793620 0.354167 0.805990 0.354167 0.806641 0.353516 0.809896 0.353516 0.810547 0.352865 0.811198 0.352865 0.811849 0.352214 0.811849 0.351562 0.812500 0.350911 0.812500 0.345052 0.811849 0.344401 0.811849 0.343750 0.811198 0.343099 0.811198 0.342448 0.809896 0.341146 0.809896 0.340495 0.808594 0.339193 0.807292 0.339193 0.806641 0.338542 0.804036 0.338542 0.803385 0.337891 0.794271 0.337891 0.793620 0.338542 0.792318 0.338542 0.791667 0.339193 0.791016 0.339193 0.790365 0.339844 0.789714 0.339844 0.789062 0.340495 0.788411 0.340495 0.787760 0.341146 0.786458 0.341146 0.785807 0.341797 0.784505 0.341797 0.782552 0.343750 0.781901 0.343750 0.780599 0.345052 0.780599 0.345703
1 0.713542 0.332682 0.713542 0.333333 0.712891 0.333984 0.712891 0.335286 0.712240 0.335938 0.712240 0.337891 0.711589 0.338542 0.711589 0.339193 0.714193 0.341797 0.714844 0.341797 0.715495 0.342448 0.716146 0.342448 0.716797 0.343099 0.717448 0.343099 0.718099 0.343750 0.718750 0.343750 0.719401 0.344401 0.723958 0.344401 0.724609 0.345052 0.725260 0.345052 0.725911 0.344401 0.727865 0.344401 0.729167 0.343099 0.729818 0.343099 0.730469 0.342448 0.730469 0.341797 0.731771 0.340495 0.731771 0.339844 0.732422 0.339193 0.732422 0.337891 0.733073 0.337240 0.733073 0.336589 0.733724 0.335938 0.733724 0.334635 0.734375 0.333984 0.733073 0.332682 0.732422 0.332682 0.730469 0.330729 0.729167 0.330729 0.728516 0.330078 0.727214 0.330078 0.726562 0.329427 0.722005 0.329427 0.721354 0.330078 0.718750 0.330078 0.718099 0.330729 0.716797 0.330729 0.716146 0.331380 0.714844 0.331380
1 0.695964 0.337240 0.696615 0.337891 0.696615 0.339193 0.697917 0.340495 0.698568 0.340495 0.699219 0.341146 0.704427 0.341146 0.705078 0.341797 0.711589 0.341797 0.712240 0.341146 0.714193 0.341146 0.716146 0.339193 0.716146 0.338542 0.716797 0.337891 0.716797 0.337240 0.717448 0.336589 0.717448 0.335938 0.719401 0.333984 0.714193 0.328776 0.713542 0.328776 0.712891 0.328125 0.710286 0.328125 0.709635 0.327474 0.702474 0.327474 0.701823 0.328125 0.700521 0.328125 0.699219 0.329427 0.698568 0.329427 0.697266 0.330729 0.697266 0.331380 0.696615 0.332031 0.696615 0.332682 0.695964 0.333333
1 0.739583 0.335286 0.739583 0.335938 0.738932 0.336589 0.738932 0.338542 0.738281 0.339193 0.738932 0.339844 0.738932 0.341797 0.741536 0.344401 0.742188 0.344401 0.742839 0.345052 0.744141 0.345052 0.744792 0.345703 0.750000 0.345703 0.750651 0.345052 0.751953 0.345052 0.751953 0.344401 0.752604 0.343750 0.752604 0.335938 0.751953 0.335286 0.751953 0.333984 0.751302 0.333333 0.750000 0.333333 0.749349 0.332682 0.745443 0.332682 0.744792 0.333333 0.742839 0.333333 0.742188 0.333984 0.740885 0.333984
1 0.567708 0.330078 0.566406 0.330078 0.565755 0.330729 0.563802 0.330729 0.563151 0.331380 0.562500 0.331380 0.561198 0.332682 0.560547 0.332682 0.559896 0.333333 0.559245 0.333333 0.558594 0.333984 0.557943 0.333984 0.555339 0.336589 0.555339 0.337240 0.553385 0.339193 0.552734 0.339193 0.552734 0.339844 0.552083 0.340495 0.552083 0.341146 0.551432 0.341797 0.551432 0.343750 0.550781 0.344401 0.550781 0.345052 0.551432 0.345703 0.551432 0.347656 0.552083 0.348307 0.552083 0.349609 0.552734 0.350260 0.552734 0.350911 0.556641 0.354818 0.566406 0.354818 0.567057 0.355469 0.567708 0.355469 0.568359 0.354818 0.572266 0.354818 0.572917 0.354167 0.575521 0.354167 0.576172 0.353516 0.576823 0.353516 0.577474 0.352865 0.578125 0.352865 0.578776 0.352214 0.578776 0.343099 0.578125 0.342448 0.578125 0.341146 0.577474 0.340495 0.577474 0.339193 0.574870 0.336589 0.574870 0.335938 0.573568 0.334635 0.573568 0.333984 0.572917 0.333333 0.572266 0.333333 0.571615 0.332682 0.570964 0.332682 0.569661 0.331380 0.569010 0.331380
3 0.462891 0.311198 0.462891 0.314453 0.463542 0.315104 0.463542 0.318359 0.464193 0.319010 0.464193 0.320312 0.464844 0.320964 0.464844 0.321615 0.466146 0.322917 0.466797 0.322917 0.467448 0.323568 0.468750 0.323568 0.469401 0.324219 0.478516 0.324219 0.479167 0.324870 0.483724 0.324870 0.484375 0.325521 0.488281 0.325521 0.488932 0.324870 0.491536 0.324870 0.492839 0.323568 0.492839 0.315755 0.492188 0.315104 0.492188 0.313151 0.490885 0.311849 0.489583 0.311849 0.488932 0.311198 0.487630 0.311198 0.486979 0.310547 0.485026 0.310547 0.484375 0.309896 0.481771 0.309896 0.481120 0.309245 0.477865 0.309245 0.477214 0.308594 0.465495 0.308594 0.464844 0.309245 0.464193 0.309245 0.463542 0.309896 0.463542 0.310547
1 0.724609 0.334635 0.724609 0.337240 0.723958 0.337891 0.723958 0.340495 0.724609 0.341146 0.724609 0.341797 0.725260 0.342448 0.725260 0.343099 0.726562 0.344401 0.727865 0.344401 0.728516 0.345052 0.734375 0.345052 0.735026 0.344401 0.736979 0.344401 0.738281 0.343099 0.738932 0.343099 0.740234 0.341797 0.740885 0.341797 0.741536 0.341146 0.741536 0.340495 0.742188 0.339844 0.742188 0.335286 0.742839 0.334635 0.742839 0.333984 0.742188 0.333984 0.740885 0.332682 0.739583 0.332682 0.738932 0.332031 0.737630 0.332031 0.736979 0.331380 0.734375 0.331380 0.733724 0.330729 0.729167 0.330729 0.728516 0.331380 0.727865 0.331380 0.727214 0.332031 0.726562 0.332031 0.725260 0.333333 0.725260 0.333984
1 0.541016 0.324870 0.540365 0.325521 0.540365 0.326172 0.539714 0.326823 0.539714 0.327474 0.539062 0.328125 0.539062 0.333333 0.539714 0.333984 0.539714 0.334635 0.541016 0.335938 0.541667 0.335938 0.543620 0.337891 0.543620 0.338542 0.544271 0.339193 0.544922 0.339193 0.545573 0.339844 0.550781 0.339844 0.552734 0.337891 0.552734 0.337240 0.555339 0.334635 0.555990 0.334635 0.557943 0.332682 0.557943 0.332031 0.561198 0.328776 0.561849 0.328776 0.560547 0.327474 0.559896 0.327474 0.558594 0.326172 0.557943 0.326172 0.556641 0.324870 0.555339 0.324870 0.554688 0.324219 0.554036 0.324219 0.553385 0.323568 0.552734 0.323568 0.552083 0.322917 0.546224 0.322917 0.545573 0.323568 0.544271 0.323568 0.543620 0.324219 0.542318 0.324219 0.541667 0.324870
3 0.600260 0.289062 0.601562 0.295573 0.604818 0.299479 0.608724 0.299479 0.616536 0.297526 0.622396 0.297526 0.623047 0.298177 0.628906 0.298828 0.632161 0.297526 0.637370 0.296875 0.644531 0.294271 0.649089 0.287760 0.655599 0.288411 0.660156 0.291016 0.662760 0.289714 0.664714 0.289714 0.669922 0.287109 0.673828 0.287109 0.678385 0.289062 0.686198 0.296875 0.692708 0.296875 0.694010 0.296224 0.696615 0.291016 0.695312 0.289062 0.690755 0.287109 0.679688 0.277995 0.675781 0.276693 0.670573 0.278646 0.665365 0.277344 0.658203 0.272786 0.651042 0.270833 0.645182 0.271484 0.638021 0.277344 0.635417 0.276693 0.617839 0.277344 0.617188 0.277995 0.611979 0.277995 0.611328 0.278646 0.605469 0.279297 0.601562 0.283203 0.600911 0.284505 0.600911 0.288411
1 0.556641 0.329427 0.556641 0.330729 0.555990 0.331380 0.555990 0.332031 0.555339 0.332682 0.555339 0.335938 0.555990 0.336589 0.555990 0.337240 0.556641 0.337891 0.557943 0.337891 0.558594 0.338542 0.561198 0.338542 0.561849 0.339193 0.562500 0.338542 0.570964 0.338542 0.571615 0.339193 0.573568 0.339193 0.573568 0.337240 0.574219 0.336589 0.574219 0.333984 0.573568 0.333333 0.573568 0.332682 0.572917 0.332031 0.572917 0.331380 0.572266 0.330729 0.572266 0.330078 0.571615 0.329427 0.571615 0.328776 0.570312 0.327474 0.569661 0.327474 0.569010 0.326823 0.568359 0.326823 0.567708 0.326172 0.563151 0.326172 0.562500 0.325521 0.561849 0.326172 0.560547 0.326172 0.559896 0.326823 0.559245 0.326823
2 0.538411 0.312500 0.538411 0.318359 0.541016 0.320964 0.542969 0.320964 0.543620 0.321615 0.547526 0.321615 0.548177 0.322266 0.554036 0.322266 0.554688 0.322917 0.557943 0.322917 0.558594 0.322266 0.566406 0.322266 0.567057 0.322917 0.569010 0.322917 0.569661 0.322266 0.573568 0.322266 0.573568 0.321615 0.575521 0.319661 0.575521 0.319010 0.576172 0.318359 0.576172 0.315104 0.575521 0.314453 0.575521 0.312500 0.574219 0.311198 0.573568 0.311198 0.572917 0.310547 0.570964 0.310547 0.570312 0.311198 0.566406 0.311198 0.565755 0.310547 0.563802 0.310547 0.563151 0.309896 0.554036 0.309896 0.553385 0.309245 0.541016 0.309245 0.539062 0.311198 0.539062 0.311849
1 0.708984 0.328776 0.708333 0.329427 0.708333 0.330078 0.707682 0.330729 0.707682 0.332031 0.707031 0.332682 0.707031 0.336589 0.706380 0.337240 0.706380 0.339193 0.707682 0.340495 0.708333 0.340495 0.708984 0.341146 0.709635 0.341146 0.710286 0.341797 0.711589 0.341797 0.712240 0.342448 0.717448 0.342448 0.718099 0.341797 0.718750 0.341797 0.720052 0.340495 0.720052 0.339193 0.720703 0.338542 0.720703 0.337240 0.721354 0.336589 0.721354 0.335938 0.722005 0.335286 0.722005 0.334635 0.722656 0.333984 0.722005 0.333333 0.722005 0.332031 0.721354 0.331380 0.721354 0.330078 0.720052 0.328776 0.718099 0.328776 0.717448 0.328125 0.714844 0.328125 0.714193 0.327474 0.713542 0.328125 0.710938 0.328125 0.710286 0.328776
2 0.643229 0.290365 0.641927 0.288411 0.641927 0.287109 0.641276 0.286458 0.641276 0.285156 0.639974 0.283203 0.639974 0.281901 0.639323 0.281250 0.639323 0.279948 0.638021 0.278646 0.628255 0.278646 0.627604 0.277995 0.626953 0.277995 0.626302 0.278646 0.615234 0.278646 0.614583 0.279297 0.607422 0.279297 0.606771 0.279948 0.605469 0.279948 0.604818 0.280599 0.604167 0.280599 0.601562 0.283203 0.601562 0.283854 0.600911 0.284505 0.600911 0.287760 0.600260 0.288411 0.600260 0.290365 0.600911 0.291016 0.600911 0.292969 0.601562 0.293620 0.601562 0.295573 0.604818 0.298828 0.608724 0.298828 0.609375 0.298177 0.612630 0.298177 0.613281 0.297526 0.617839 0.297526 0.618490 0.296875 0.624349 0.296875 0.625000 0.297526 0.632161 0.297526 0.632812 0.296875 0.634115 0.296875 0.634766 0.296224 0.635417 0.296224 0.638021 0.293620 0.638672 0.293620 0.640625 0.291667 0.641276 0.291667 0.642578 0.290365
