1 0.317057 0.480469 0.312500 0.479167 0.290365 0.479818 0.287760 0.480469 0.281250 0.484375 0.269531 0.496094 0.266927 0.503906 0.266276 0.511068 0.263021 0.525391 0.262370 0.542969 0.263021 0.543620 0.263672 0.552083 0.266927 0.553385 0.270182 0.553385 0.270833 0.552734 0.292318 0.552083 0.292969 0.551432 0.300781 0.551432 0.301432 0.552083 0.302083 0.551432 0.319010 0.551432 0.323568 0.548828 0.325521 0.542969 0.326172 0.534505 0.328125 0.530599 0.328125 0.527344 0.328776 0.526693 0.328776 0.501953 0.325521 0.493490 0.325521 0.491536 0.324219 0.490234 0.322917 0.486328
1 0.353516 0.394531 0.350911 0.392578 0.341797 0.392578 0.341146 0.391927 0.337891 0.391927 0.337240 0.392578 0.330078 0.392578 0.329427 0.393229 0.326823 0.393229 0.326172 0.393880 0.325521 0.393880 0.321615 0.397135 0.321615 0.397786 0.320312 0.399089 0.320312 0.399740 0.317708 0.402344 0.317057 0.404297 0.315755 0.405599 0.315755 0.406250 0.313802 0.409505 0.313802 0.410807 0.313151 0.411458 0.313151 0.414062 0.312500 0.414714 0.312500 0.421875 0.314453 0.423828 0.315104 0.423828 0.315755 0.424479 0.320964 0.424479 0.321615 0.423828 0.333333 0.423828 0.333984 0.423177 0.339844 0.423177 0.340495 0.423828 0.343099 0.423828 0.343750 0.424479 0.344401 0.424479 0.346354 0.422526 0.347005 0.422526 0.350911 0.419271 0.351562 0.419271 0.352214 0.418620 0.353516 0.418620 0.354167 0.417969 0.355469 0.417969 0.355469 0.417318 0.356771 0.415365 0.356771 0.411458 0.357422 0.410807 0.357422 0.409505 0.356771 0.408854 0.356771 0.404297 0.356120 0.403646 0.356120 0.401693 0.355469 0.401042 0.355469 0.398438 0.354818 0.397786
2 0.368490 0.328125 0.368490 0.328776 0.367188 0.330729 0.367188 0.332682 0.366536 0.333333 0.366536 0.335286 0.367188 0.335938 0.367188 0.340495 0.367839 0.341146 0.367839 0.345052 0.369141 0.347005 0.369141 0.348307 0.369792 0.348958 0.369792 0.350260 0.371745 0.352214 0.372396 0.352214 0.373047 0.352865 0.375000 0.352865 0.375651 0.353516 0.386068 0.353516 0.386719 0.352865 0.393880 0.352865 0.394531 0.353516 0.401693 0.353516 0.402344 0.352865 0.403646 0.352865 0.404297 0.352214 0.404297 0.351562 0.404948 0.350911 0.404948 0.333333 0.404297 0.332682 0.404297 0.330078 0.403646 0.329427 0.403646 0.328776 0.402344 0.327474 0.401693 0.327474 0.399740 0.326172 0.395182 0.326172 0.394531 0.326823 0.389974 0.326823 0.389323 0.326172 0.375000 0.326172 0.374349 0.326823 0.371094 0.326823 0.370443 0.327474
1 0.467448 0.328776 0.466797 0.328776 0.465495 0.327474 0.464844 0.327474 0.464193 0.326823 0.462240 0.326823 0.461589 0.326172 0.459635 0.326172 0.458984 0.325521 0.457682 0.325521 0.457031 0.326172 0.453125 0.326172 0.452474 0.326823 0.451172 0.326823 0.450521 0.327474 0.449870 0.327474 0.449219 0.328125 0.448568 0.328125 0.447917 0.328776 0.447917 0.330078 0.447266 0.330729 0.447266 0.332031 0.446615 0.332682 0.446615 0.335938 0.447266 0.336589 0.447266 0.338542 0.447917 0.339193 0.447917 0.339844 0.448568 0.340495 0.451172 0.340495 0.451823 0.341146 0.455729 0.341146 0.456380 0.341797 0.460286 0.341797 0.460938 0.341146 0.462240 0.341146 0.462891 0.340495 0.463542 0.340495 0.464193 0.339844 0.464844 0.339844 0.464844 0.339193 0.465495 0.338542 0.465495 0.337891 0.466146 0.337240 0.466146 0.336589 0.466797 0.335938 0.466797 0.335286 0.468099 0.333984 0.468099 0.333333 0.467448 0.332682
1 0.529297 0.348307 0.529297 0.350260 0.529948 0.350911 0.531250 0.350911 0.531901 0.351562 0.535156 0.351562 0.535807 0.352214 0.538411 0.352214 0.539062 0.352865 0.540365 0.352865 0.541016 0.353516 0.541667 0.353516 0.542318 0.354167 0.544922 0.354167 0.545573 0.354818 0.548828 0.354818 0.549479 0.354167 0.557292 0.354167 0.557943 0.353516 0.558594 0.353516 0.559245 0.352865 0.559896 0.352865 0.560547 0.352214 0.560547 0.351562 0.561198 0.350911 0.561198 0.346354 0.560547 0.345703 0.560547 0.344401 0.559896 0.343750 0.559896 0.343099 0.556641 0.339844 0.555990 0.339844 0.555339 0.339193 0.553385 0.339193 0.552734 0.338542 0.551432 0.338542 0.550781 0.337891 0.544922 0.337891 0.544271 0.338542 0.542969 0.338542 0.542318 0.339193 0.541667 0.339193 0.540365 0.340495 0.539714 0.340495 0.538411 0.341797 0.537760 0.341797 0.537109 0.342448 0.536458 0.342448 0.535807 0.343099 0.535156 0.343099 0.534505 0.343750 0.533854 0.343750 0.533203 0.344401 0.531250 0.344401 0.530599 0.345052 0.529948 0.345052 0.529948 0.347656
1 0.468099 0.337891 0.468099 0.340495 0.468750 0.341146 0.468750 0.341797 0.470052 0.343099 0.470703 0.343099 0.471354 0.343750 0.472005 0.343750 0.472656 0.344401 0.473307 0.344401 0.473958 0.345052 0.477865 0.345052 0.478516 0.345703 0.492188 0.345703 0.492839 0.345052 0.495443 0.345052 0.496094 0.344401 0.497396 0.344401 0.498047 0.343750 0.498047 0.343099 0.499349 0.341797 0.499349 0.341146 0.500000 0.340495 0.500000 0.337240 0.499349 0.336589 0.499349 0.335286 0.498698 0.334635 0.498698 0.333984 0.498047 0.333984 0.497396 0.333333 0.495443 0.333333 0.494792 0.332682 0.493490 0.332682 0.492839 0.332031 0.490234 0.332031 0.489583 0.331380 0.473307 0.331380 0.472656 0.332031 0.472005 0.332031 0.471354 0.332682 0.470703 0.332682 0.469401 0.333984 0.469401 0.334635 0.468750 0.335286 0.468750 0.337240
1 0.299479 0.334635 0.299479 0.335938 0.298828 0.336589 0.298828 0.337891 0.298177 0.338542 0.298177 0.339844 0.299479 0.341146 0.299479 0.342448 0.300130 0.343099 0.300130 0.345052 0.300781 0.345703 0.300781 0.347005 0.302083 0.348958 0.302083 0.350260 0.305339 0.353516 0.305990 0.353516 0.306641 0.354167 0.323568 0.354167 0.324219 0.353516 0.326172 0.353516 0.326823 0.352865 0.328125 0.352865 0.328776 0.352214 0.328776 0.351562 0.329427 0.350911 0.329427 0.345703 0.328776 0.345052 0.328776 0.343099 0.328125 0.342448 0.328125 0.341146 0.327474 0.340495 0.327474 0.339844 0.326823 0.339193 0.326823 0.338542 0.324870 0.336589 0.324870 0.335938 0.323568 0.334635 0.323568 0.333984 0.322917 0.333333 0.322266 0.333333 0.321615 0.332682 0.320964 0.332682 0.317708 0.329427 0.311198 0.329427 0.310547 0.330078 0.308594 0.330078 0.307943 0.330729 0.305990 0.330729 0.304036 0.332031 0.302734 0.332031 0.302083 0.332682 0.301432 0.332682
1 0.528646 0.341797 0.528646 0.342448 0.527344 0.343750 0.527344 0.350260 0.527995 0.350911 0.527995 0.351562 0.528646 0.352214 0.529297 0.352214 0.529948 0.352865 0.533203 0.352865 0.533854 0.353516 0.537109 0.353516 0.537760 0.352865 0.540365 0.352865 0.541016 0.352214 0.541016 0.351562 0.541667 0.350911 0.541667 0.346354 0.541016 0.345703 0.541016 0.343099 0.540365 0.342448 0.540365 0.341797 0.539714 0.341797 0.539062 0.341146 0.537760 0.341146 0.537109 0.340495 0.532552 0.340495 0.531901 0.341146 0.529948 0.341146 0.529297 0.341797
1 0.287760 0.315755 0.287760 0.319010 0.288411 0.319661 0.288411 0.320312 0.289062 0.320964 0.289062 0.321615 0.290365 0.322917 0.292318 0.322917 0.292969 0.323568 0.298177 0.323568 0.298828 0.324219 0.308594 0.324219 0.309245 0.324870 0.312500 0.324870 0.314453 0.322917 0.314453 0.322266 0.313802 0.321615 0.313802 0.317057 0.313151 0.316406 0.313151 0.315755 0.312500 0.315104 0.312500 0.314453 0.311849 0.313802 0.311198 0.313802 0.310547 0.313151 0.309896 0.313151 0.309245 0.312500 0.308594 0.312500 0.307943 0.311849 0.305990 0.311849 0.305339 0.311198 0.302734 0.311198 0.302083 0.310547 0.292969 0.310547 0.292318 0.311198 0.290365 0.311198 0.289062 0.312500 0.289062 0.313151 0.288411 0.313802 0.288411 0.315104
1 0.542969 0.339193 0.542969 0.340495 0.542318 0.341146 0.542318 0.343750 0.541667 0.344401 0.541667 0.345703 0.542318 0.346354 0.542318 0.350260 0.542969 0.350911 0.542969 0.351562 0.545573 0.354167 0.556641 0.354167 0.557292 0.353516 0.558594 0.353516 0.559245 0.352865 0.559896 0.352865 0.561849 0.350911 0.561849 0.347005 0.561198 0.346354 0.561198 0.344401 0.559245 0.342448 0.559245 0.341797 0.558594 0.341146 0.557943 0.341146 0.556641 0.339844 0.555990 0.339844 0.555339 0.339193 0.553385 0.339193 0.552734 0.338542 0.552083 0.338542 0.551432 0.337891 0.546224 0.337891 0.545573 0.338542 0.544271 0.338542 0.543620 0.339193
2 0.286458 0.315104 0.286458 0.317708 0.287109 0.318359 0.287109 0.319010 0.290365 0.322266 0.291016 0.322266 0.291667 0.322917 0.298828 0.322917 0.299479 0.323568 0.314453 0.323568 0.315104 0.324219 0.317057 0.324219 0.317708 0.324870 0.318359 0.324219 0.323568 0.324219 0.325521 0.322917 0.326823 0.322917 0.326823 0.321615 0.327474 0.320964 0.327474 0.319010 0.328125 0.318359 0.328125 0.317708 0.327474 0.317057 0.327474 0.315755 0.326823 0.315104 0.326823 0.313151 0.326172 0.312500 0.326172 0.311849 0.325521 0.311849 0.323568 0.310547 0.319010 0.310547 0.318359 0.309896 0.313151 0.309896 0.312500 0.309245 0.307292 0.309245 0.306641 0.308594 0.294271 0.308594 0.293620 0.309245 0.290365 0.309245 0.287109 0.312500 0.287109 0.314453
1 0.485026 0.333984 0.485677 0.334635 0.485677 0.341797 0.486328 0.342448 0.486328 0.343750 0.486979 0.344401 0.487630 0.344401 0.488281 0.345052 0.490885 0.345052 0.491536 0.345703 0.498047 0.345703 0.498698 0.345052 0.499349 0.345052 0.500000 0.344401 0.500651 0.344401 0.501302 0.343750 0.501302 0.343099 0.501953 0.342448 0.501953 0.341146 0.502604 0.340495 0.502604 0.335938 0.501953 0.335286 0.501953 0.333333 0.501302 0.333333 0.500651 0.332682 0.499349 0.332682 0.498698 0.332031 0.489583 0.332031 0.488932 0.332682 0.487630 0.332682 0.486979 0.333333 0.486328 0.333333 0.485677 0.333984
1 0.419271 0.278646 0.417969 0.276693 0.415365 0.276042 0.412760 0.273438 0.410156 0.272135 0.408854 0.272135 0.404297 0.270182 0.402344 0.270182 0.401693 0.269531 0.397135 0.269531 0.396484 0.270182 0.394531 0.270182 0.393880 0.270833 0.391276 0.271484 0.389323 0.273438 0.389323 0.274089 0.387370 0.275391 0.382812 0.275391 0.382161 0.276042 0.380208 0.276042 0.379557 0.276693 0.374349 0.276693 0.373698 0.277344 0.369141 0.277344 0.368490 0.276693 0.360026 0.276693 0.359375 0.277344 0.356120 0.277344 0.353516 0.278646 0.350260 0.282552 0.349609 0.283854 0.349609 0.286458 0.348958 0.287109 0.348958 0.291016 0.349609 0.291667 0.349609 0.294271 0.350260 0.294922 0.350911 0.297526 0.354818 0.299479 0.358073 0.299479 0.358724 0.298828 0.364583 0.298828 0.365234 0.298177 0.376953 0.298177 0.377604 0.298828 0.378255 0.298177 0.384115 0.298177 0.386068 0.296875 0.389323 0.296224 0.393229 0.294271 0.398438 0.289062 0.399740 0.288411 0.403646 0.288411 0.404297 0.287760 0.410156 0.288411 0.410807 0.287760 0.414714 0.287760 0.416016 0.287109 0.417969 0.285156 0.417969 0.283854 0.419271 0.281250
1 0.301432 0.345052 0.301432 0.345703 0.302083 0.346354 0.302083 0.350260 0.305990 0.354167 0.307943 0.354167 0.308594 0.354818 0.319010 0.354818 0.319661 0.354167 0.321615 0.354167 0.322266 0.353516 0.323568 0.353516 0.324219 0.352865 0.324870 0.352865 0.327474 0.350260 0.327474 0.349609 0.326823 0.348958 0.326823 0.348307 0.325521 0.347005 0.325521 0.346354 0.324219 0.345052 0.324219 0.344401 0.322917 0.343099 0.322917 0.342448 0.321615 0.342448 0.320964 0.341797 0.319661 0.341797 0.318359 0.340495 0.317057 0.340495 0.316406 0.339844 0.311198 0.339844 0.310547 0.340495 0.308594 0.340495 0.307943 0.341146 0.306641 0.341146 0.305990 0.341797 0.305339 0.341797 0.304036 0.343099 0.303385 0.343099
1 0.460938 0.328125 0.460286 0.328125 0.458984 0.326823 0.455729 0.326823 0.455078 0.326172 0.453125 0.326172 0.452474 0.326823 0.450521 0.326823 0.449870 0.327474 0.449219 0.327474 0.448568 0.328125 0.447917 0.328125 0.447917 0.329427 0.447266 0.330078 0.447266 0.330729 0.446615 0.331380 0.446615 0.332682 0.445964 0.333333 0.445964 0.334635 0.446615 0.335286 0.446615 0.337240 0.447266 0.337891 0.447266 0.339193 0.448568 0.340495 0.453776 0.340495 0.454427 0.339844 0.455729 0.339844 0.456380 0.339193 0.457031 0.339193 0.457682 0.338542 0.457682 0.337240 0.458333 0.336589 0.458333 0.334635 0.458984 0.333984 0.458984 0.333333 0.459635 0.332682 0.459635 0.331380 0.460286 0.330729 0.460286 0.330078 0.460938 0.329427
