1 0.485677 0.227214 0.481771 0.230469 0.481120 0.232422 0.481120 0.239583 0.482422 0.242839 0.483724 0.252604 0.484375 0.253255 0.484375 0.255859 0.485026 0.256510 0.486328 0.263672 0.488281 0.266927 0.490885 0.274740 0.491536 0.281901 0.495443 0.291667 0.498698 0.295573 0.501302 0.296875 0.507161 0.296875 0.507812 0.297526 0.508464 0.296875 0.521484 0.296875 0.522135 0.296224 0.525391 0.296224 0.529948 0.294271 0.532552 0.290365 0.532552 0.287760 0.533203 0.287109 0.533203 0.277344 0.532552 0.276693 0.532552 0.273438 0.531250 0.270833 0.531250 0.268880 0.529948 0.266927 0.529297 0.262370 0.527995 0.259766 0.526693 0.252604 0.524089 0.246094 0.524089 0.243490 0.522135 0.240234 0.521484 0.235677 0.518880 0.231771 0.514974 0.227865 0.509115 0.225260 0.499349 0.224609 0.498698 0.225260 0.491536 0.225260 0.489583 0.226562
1 0.203125 0.280599 0.197917 0.273438 0.195312 0.272135 0.192708 0.268880 0.186849 0.266276 0.177083 0.264323 0.146484 0.263672 0.134115 0.266927 0.129557 0.266927 0.118490 0.268880 0.115885 0.270182 0.111328 0.270182 0.105469 0.272135 0.098958 0.278646 0.095052 0.284505 0.093099 0.290365 0.093099 0.296224 0.095052 0.301432 0.100260 0.303385 0.106120 0.309896 0.110677 0.311849 0.116536 0.311198 0.122396 0.307292 0.159505 0.307943 0.163411 0.309245 0.167969 0.313802 0.171875 0.315755 0.176432 0.316406 0.180990 0.314453 0.188151 0.309245 0.193359 0.306641 0.194010 0.304688 0.199219 0.298177 0.203125 0.289714
3 0.681641 0.363281 0.677734 0.384766 0.678385 0.397786 0.682292 0.415365 0.686198 0.421875 0.692708 0.425781 0.712240 0.426432 0.716797 0.428385 0.720052 0.431641 0.732422 0.431641 0.743490 0.427734 0.774740 0.429036 0.783854 0.427083 0.792318 0.427083 0.799479 0.429036 0.812500 0.428385 0.823568 0.430339 0.828125 0.429688 0.833984 0.426432 0.839844 0.415365 0.839193 0.406250 0.835938 0.393229 0.831380 0.382161 0.822266 0.369792 0.818359 0.368490 0.785156 0.367839 0.778646 0.360677 0.774740 0.358724 0.763021 0.357422 0.692057 0.356120 0.685547 0.358073
1 0.268229 0.184245 0.265625 0.179036 0.262370 0.175781 0.258464 0.173828 0.253255 0.173177 0.252604 0.172526 0.247396 0.172526 0.243490 0.171224 0.220703 0.171224 0.220052 0.171875 0.214193 0.172526 0.208984 0.174479 0.203776 0.175130 0.199870 0.177734 0.189453 0.182292 0.181641 0.187500 0.179688 0.192057 0.179688 0.194010 0.183594 0.209635 0.186849 0.214193 0.194661 0.214193 0.203125 0.216797 0.208333 0.214844 0.212891 0.210938 0.223307 0.208984 0.229818 0.206380 0.237630 0.204427 0.241536 0.201172 0.244141 0.195964 0.246745 0.194010 0.250651 0.194661 0.253255 0.195964 0.257812 0.200521 0.263021 0.201172 0.268229 0.195312 0.269531 0.192708
3 0.546224 0.175781 0.546224 0.207031 0.549479 0.213542 0.551432 0.215495 0.567708 0.216146 0.573568 0.218750 0.576823 0.223958 0.580078 0.225911 0.586589 0.225260 0.594401 0.220052 0.627604 0.220052 0.638021 0.218099 0.649089 0.226562 0.654948 0.225911 0.660156 0.220052 0.669922 0.215495 0.673828 0.208984 0.673828 0.198568 0.669271 0.190104 0.666667 0.180339 0.662760 0.175130 0.658854 0.173177 0.638021 0.173828 0.628255 0.171875 0.621745 0.171875 0.605469 0.167318 0.599609 0.170573 0.592448 0.170573 0.587891 0.169271 0.583984 0.171224 0.578776 0.171875 0.574219 0.168620 0.568359 0.169922 0.561198 0.169922 0.557943 0.171224 0.551432 0.170573
1 0.372396 0.059896 0.370443 0.062500 0.370443 0.065104 0.369792 0.065755 0.369792 0.068359 0.369141 0.069010 0.369141 0.072266 0.368490 0.072917 0.368490 0.076823 0.367839 0.077474 0.367839 0.082031 0.367188 0.082682 0.367188 0.085286 0.366536 0.085938 0.366536 0.088542 0.365885 0.089193 0.365885 0.089844 0.366536 0.090495 0.366536 0.094401 0.367188 0.095052 0.367188 0.095703 0.369141 0.097656 0.370443 0.097656 0.371094 0.098307 0.389323 0.098307 0.389974 0.097656 0.391927 0.097656 0.392578 0.097005 0.393229 0.097005 0.395182 0.094401 0.395182 0.092448 0.395833 0.091797 0.395833 0.089193 0.396484 0.088542 0.396484 0.082682 0.397135 0.082031 0.397135 0.074219 0.397786 0.073568 0.397786 0.067057 0.397135 0.066406 0.397135 0.061849 0.394531 0.059245 0.393880 0.059245 0.393229 0.058594 0.376953 0.058594 0.376302 0.059245 0.374349 0.059245 0.373698 0.059896
1 0.382161 0.000000 0.382161 0.001953 0.381510 0.002604 0.381510 0.004557 0.380859 0.005208 0.380859 0.016927 0.381510 0.017578 0.381510 0.019531 0.382161 0.020182 0.382161 0.021484 0.382812 0.022135 0.382812 0.023438 0.386719 0.026042 0.388021 0.026042 0.388672 0.026693 0.391276 0.026693 0.391927 0.027344 0.397786 0.027344 0.398438 0.026693 0.400391 0.026693 0.402344 0.025391 0.403646 0.025391 0.404297 0.024740 0.406250 0.024089 0.406250 0.023438 0.406901 0.022786 0.406901 0.022135 0.407552 0.021484 0.407552 0.020833 0.408854 0.018880 0.408854 0.016276 0.409505 0.015625 0.409505 0.000000
1 0.520833 0.015625 0.519531 0.016927 0.518880 0.016927 0.518880 0.017578 0.518229 0.018229 0.518229 0.022786 0.517578 0.023438 0.517578 0.025391 0.518229 0.026042 0.518229 0.044271 0.518880 0.044922 0.518880 0.047526 0.520182 0.048828 0.520833 0.048828 0.522786 0.050130 0.524089 0.050130 0.524740 0.050781 0.541016 0.050781 0.541667 0.050130 0.542318 0.050130 0.544922 0.047526 0.544922 0.046875 0.545573 0.046224 0.545573 0.042969 0.546224 0.042318 0.546224 0.031901 0.545573 0.031250 0.545573 0.024740 0.544922 0.024089 0.544922 0.023438 0.543620 0.022135 0.543620 0.021484 0.542969 0.020833 0.542969 0.019531 0.540365 0.016276 0.539062 0.016276 0.538411 0.015625 0.537109 0.015625 0.536458 0.014974 0.533854 0.014974 0.533203 0.014323 0.524089 0.014323 0.523438 0.014974 0.522135 0.014974 0.521484 0.015625
3 0.469401 0.000000 0.469401 0.003255 0.468099 0.005208 0.468099 0.007161 0.467448 0.007812 0.467448 0.010417 0.466797 0.011068 0.466797 0.014323 0.466146 0.014974 0.466146 0.024740 0.467448 0.026042 0.468099 0.026042 0.470052 0.027344 0.473307 0.027344 0.473958 0.027995 0.475260 0.027995 0.475911 0.028646 0.479818 0.028646 0.480469 0.029297 0.486328 0.029297 0.486979 0.029948 0.491536 0.029948 0.492839 0.028646 0.492839 0.027995 0.494141 0.026042 0.494141 0.024740 0.494792 0.024089 0.494792 0.016927 0.495443 0.016276 0.495443 0.012370 0.496094 0.011719 0.496094 0.008464 0.496745 0.007812 0.496745 0.000000
3 0.539714 0.149089 0.540365 0.149740 0.540365 0.151693 0.543620 0.154297 0.545573 0.154948 0.552083 0.154948 0.555990 0.157552 0.560547 0.158854 0.563802 0.158854 0.572917 0.154948 0.595703 0.154297 0.598307 0.155599 0.601562 0.155599 0.604818 0.153646 0.608724 0.149740 0.612630 0.141276 0.617188 0.135417 0.622396 0.134766 0.624349 0.133464 0.627604 0.132812 0.625000 0.132812 0.622396 0.131510 0.612630 0.130859 0.608073 0.128906 0.604818 0.128906 0.601562 0.130208 0.595703 0.129557 0.588542 0.122396 0.581380 0.119792 0.572917 0.113932 0.568359 0.112630 0.559245 0.112630 0.558594 0.113281 0.555990 0.113281 0.552734 0.115885 0.551432 0.119141 0.546224 0.119141 0.544922 0.120443 0.543620 0.123047 0.542318 0.132812 0.540365 0.138021 0.540365 0.147786
3 0.716146 0.132812 0.715495 0.132161 0.715495 0.124349 0.714844 0.123698 0.714844 0.120443 0.714193 0.119792 0.712891 0.116536 0.711589 0.115234 0.711589 0.114583 0.708984 0.111979 0.708984 0.111328 0.708333 0.111328 0.706380 0.110026 0.705078 0.110026 0.704427 0.109375 0.700521 0.109375 0.699870 0.110026 0.695964 0.110026 0.695312 0.110677 0.690755 0.110677 0.690104 0.110026 0.680339 0.110026 0.679688 0.110677 0.677734 0.111328 0.677734 0.112630 0.677083 0.113281 0.677083 0.115234 0.675781 0.116536 0.675781 0.117188 0.675130 0.117839 0.673177 0.122396 0.670573 0.125000 0.670573 0.125651 0.669922 0.126302 0.669922 0.127604 0.671224 0.128906 0.673177 0.129557 0.674479 0.130859 0.675130 0.132812 0.676432 0.132812 0.677083 0.133464 0.677734 0.133464 0.678385 0.134115 0.679688 0.134115 0.680339 0.134766 0.688802 0.134766 0.689453 0.134115 0.695312 0.134115 0.695964 0.134766 0.704427 0.134766 0.705078 0.135417 0.712240 0.135417 0.712891 0.134766 0.714193 0.134766
1 0.522135 0.496745 0.522786 0.496745 0.523438 0.497396 0.568359 0.497396 0.569010 0.496745 0.570312 0.496745 0.567708 0.494141 0.567708 0.493490 0.565755 0.491536 0.564453 0.491536 0.563802 0.490885 0.563151 0.490885 0.561849 0.489583 0.560547 0.489583 0.559896 0.488932 0.559245 0.488932 0.558594 0.488281 0.557943 0.488281 0.555990 0.486979 0.554036 0.486979 0.553385 0.486328 0.548177 0.486328 0.547526 0.485677 0.535156 0.485677 0.534505 0.486328 0.532552 0.486328 0.531901 0.486979 0.529948 0.486979 0.528646 0.488281 0.527995 0.488281 0.526693 0.489583 0.526042 0.489583 0.524089 0.490885 0.524089 0.492188 0.523438 0.492839 0.523438 0.494141 0.522786 0.494792 0.522786 0.496094
3 0.225260 0.417318 0.220703 0.414714 0.208333 0.414062 0.203125 0.417318 0.201172 0.421224 0.200521 0.427734 0.199219 0.430339 0.196615 0.432292 0.192057 0.432292 0.180990 0.428385 0.172526 0.430990 0.164714 0.431641 0.163411 0.433594 0.156250 0.436849 0.154297 0.438802 0.151693 0.444661 0.148438 0.447266 0.145833 0.454427 0.142578 0.459635 0.141927 0.462891 0.137370 0.468099 0.135417 0.480469 0.132812 0.482422 0.127604 0.491536 0.127604 0.496745 0.156901 0.496745 0.160156 0.494792 0.162109 0.496745 0.166016 0.497396 0.176432 0.497396 0.182943 0.494141 0.195964 0.480469 0.199870 0.473307 0.203776 0.470703 0.205729 0.466797 0.209635 0.463542 0.212891 0.458984 0.211589 0.454427 0.212240 0.447917 0.216146 0.444010 0.225260 0.439453 0.227865 0.436849 0.227865 0.434896 0.230469 0.431641 0.230469 0.429688 0.227865 0.421224
