1 0.324870 0.306641 0.324870 0.307292 0.322917 0.310547 0.322917 0.315755 0.323568 0.316406 0.323568 0.317708 0.328776 0.322917 0.330078 0.322917 0.334635 0.325521 0.337891 0.326172 0.339193 0.327474 0.339844 0.327474 0.341797 0.328776 0.343099 0.328776 0.345052 0.330078 0.346354 0.330078 0.347005 0.330729 0.347656 0.330729 0.350260 0.333333 0.350260 0.333984 0.350911 0.333984 0.352214 0.335286 0.352865 0.335286 0.356120 0.338542 0.359375 0.338542 0.360026 0.339193 0.367188 0.339193 0.367839 0.338542 0.369141 0.338542 0.369792 0.337891 0.371745 0.337891 0.373047 0.336589 0.373698 0.336589 0.373698 0.335938 0.375000 0.334635 0.375000 0.328776 0.374349 0.328125 0.373047 0.324870 0.371745 0.323568 0.371094 0.323568 0.361328 0.313802 0.361328 0.313151 0.360026 0.311849 0.359375 0.311849 0.356120 0.309245 0.355469 0.309245 0.354818 0.308594 0.353516 0.308594 0.352865 0.307943 0.352214 0.307943 0.350260 0.305990 0.349609 0.305990 0.347656 0.304688 0.346354 0.304688 0.345703 0.304036 0.343750 0.304036 0.343099 0.303385 0.336589 0.303385 0.335938 0.302734 0.333984 0.302734 0.333333 0.303385 0.332031 0.303385 0.331380 0.304036 0.328776 0.304036 0.327474 0.305339 0.326823 0.305339 0.325521 0.306641
1 0.322917 0.284505 0.322917 0.287760 0.323568 0.288411 0.323568 0.290365 0.324219 0.290365 0.324870 0.291016 0.326172 0.291016 0.328125 0.292318 0.329427 0.292318 0.330078 0.292969 0.331380 0.292969 0.332031 0.293620 0.332682 0.293620 0.335286 0.296224 0.335938 0.296224 0.336589 0.296875 0.337240 0.296875 0.340495 0.298828 0.341797 0.298828 0.343750 0.300130 0.345052 0.300130 0.348307 0.302083 0.349609 0.302083 0.350260 0.302734 0.352865 0.302734 0.353516 0.303385 0.360026 0.303385 0.360677 0.302734 0.362630 0.302734 0.365885 0.300781 0.365885 0.300130 0.366536 0.299479 0.366536 0.298177 0.367188 0.297526 0.367188 0.291667 0.366536 0.291016 0.366536 0.289062 0.365234 0.287760 0.365234 0.287109 0.363932 0.285807 0.363932 0.285156 0.363281 0.285156 0.361979 0.283854 0.361328 0.283854 0.360677 0.283203 0.360026 0.283203 0.359375 0.282552 0.358724 0.282552 0.358073 0.281901 0.357422 0.281901 0.354167 0.279948 0.352865 0.279948 0.352214 0.279297 0.350911 0.279297 0.350260 0.278646 0.347656 0.278646 0.347005 0.277995 0.343099 0.277995 0.342448 0.277344 0.337240 0.277344 0.336589 0.277995 0.332031 0.277995 0.331380 0.278646 0.328776 0.278646 0.328125 0.279297 0.326172 0.279948 0.326172 0.280599 0.323568 0.283203 0.323568 0.283854
1 0.468099 0.273438 0.468099 0.274740 0.468750 0.275391 0.468750 0.276693 0.472656 0.280599 0.473307 0.280599 0.474609 0.281901 0.475260 0.281901 0.475911 0.282552 0.477214 0.282552 0.477865 0.283203 0.479818 0.283203 0.483073 0.285156 0.485026 0.285156 0.485677 0.285807 0.487630 0.285807 0.488281 0.286458 0.491536 0.286458 0.492188 0.287109 0.493490 0.287109 0.494141 0.287760 0.496094 0.287760 0.496745 0.288411 0.500000 0.288411 0.500651 0.289062 0.502604 0.289062 0.503255 0.288411 0.504557 0.288411 0.505208 0.287760 0.506510 0.287760 0.507161 0.287109 0.509115 0.286458 0.511068 0.284505 0.511068 0.282552 0.511719 0.281901 0.511719 0.279297 0.511068 0.278646 0.510417 0.276693 0.509115 0.275391 0.509115 0.274740 0.507161 0.272786 0.506510 0.272786 0.504557 0.270833 0.503906 0.270833 0.500651 0.268880 0.499349 0.268880 0.498698 0.268229 0.497396 0.268229 0.496745 0.267578 0.493490 0.267578 0.492839 0.266927 0.488281 0.266927 0.487630 0.266276 0.479818 0.266276 0.479167 0.266927 0.477865 0.266927 0.477214 0.267578 0.475260 0.267578 0.474609 0.268229 0.472656 0.268229 0.472005 0.268880 0.471354 0.268880 0.470703 0.269531 0.470703 0.270182 0.468750 0.272135 0.468750 0.272786
1 0.191406 0.220052 0.191406 0.225260 0.192708 0.226562 0.193359 0.226562 0.194010 0.227214 0.194661 0.227214 0.195312 0.227865 0.195964 0.227865 0.196615 0.228516 0.197266 0.228516 0.197917 0.229167 0.198568 0.229167 0.199219 0.229818 0.199870 0.229818 0.200521 0.230469 0.201823 0.230469 0.202474 0.231120 0.203125 0.231120 0.203776 0.231771 0.205729 0.231771 0.206380 0.232422 0.208333 0.232422 0.208984 0.233073 0.209635 0.232422 0.214844 0.232422 0.215495 0.231771 0.216146 0.231771 0.216797 0.231120 0.217448 0.231120 0.218750 0.229818 0.218750 0.229167 0.219401 0.228516 0.219401 0.227865 0.220052 0.227214 0.220052 0.223307 0.219401 0.222656 0.219401 0.222005 0.218099 0.220703 0.218099 0.220052 0.217448 0.220052 0.215495 0.218099 0.214844 0.218099 0.214193 0.217448 0.213542 0.217448 0.212891 0.216797 0.212240 0.216797 0.211589 0.216146 0.210286 0.216146 0.209635 0.215495 0.207031 0.215495 0.206380 0.214844 0.203125 0.214844 0.202474 0.215495 0.201172 0.215495 0.200521 0.216146 0.198568 0.216146 0.197917 0.216797 0.197266 0.216797 0.196615 0.217448 0.195312 0.217448 0.194661 0.218099 0.194010 0.218099 0.193359 0.218750 0.192708 0.218750
1 0.184896 0.181641 0.184896 0.183594 0.185547 0.184245 0.185547 0.186198 0.186198 0.186849 0.186198 0.187500 0.186849 0.187500 0.187500 0.188151 0.188151 0.188151 0.188802 0.188802 0.190755 0.188802 0.191406 0.189453 0.200521 0.189453 0.201172 0.188802 0.205078 0.188802 0.205729 0.188151 0.207031 0.188151 0.207682 0.187500 0.208333 0.187500 0.208333 0.186198 0.207682 0.185547 0.207682 0.183594 0.207031 0.182943 0.207031 0.181641 0.206380 0.181641 0.205729 0.180990 0.205078 0.180990 0.203776 0.179688 0.201823 0.179688 0.201172 0.179036 0.199870 0.179036 0.199219 0.178385 0.192057 0.178385 0.191406 0.179036 0.188802 0.179036 0.188151 0.179688 0.186849 0.179688
1 0.282552 0.213542 0.282552 0.214844 0.281901 0.215495 0.281901 0.218750 0.281250 0.219401 0.283854 0.222005 0.284505 0.222005 0.285156 0.222656 0.287109 0.222656 0.287760 0.223307 0.294271 0.223307 0.294922 0.222656 0.295573 0.222656 0.296224 0.222005 0.296224 0.221354 0.296875 0.220703 0.296875 0.219401 0.296224 0.218750 0.296224 0.217448 0.295573 0.216797 0.295573 0.216146 0.294922 0.215495 0.294922 0.214844 0.294271 0.214193 0.294271 0.213542 0.293620 0.212891 0.293620 0.212240 0.292318 0.210938 0.291667 0.210938 0.291016 0.210286 0.288411 0.210286 0.287760 0.210938 0.285156 0.210938
0 0.623698 0.248047 0.622396 0.246745 0.621094 0.246745 0.620443 0.246094 0.617839 0.246094 0.617188 0.245443 0.614583 0.245443 0.613932 0.244792 0.608724 0.244792 0.608073 0.245443 0.605469 0.245443 0.604818 0.246094 0.602865 0.246094 0.602214 0.246745 0.600911 0.246745 0.595703 0.251953 0.595703 0.252604 0.595052 0.253255 0.595052 0.254557 0.594401 0.255208 0.594401 0.257161 0.593750 0.257812 0.593750 0.259766 0.593099 0.260417 0.593099 0.265625 0.593750 0.266276 0.593750 0.267578 0.595703 0.269531 0.597005 0.269531 0.597656 0.270182 0.598958 0.270182 0.599609 0.270833 0.602865 0.270833 0.603516 0.271484 0.607422 0.271484 0.608073 0.270833 0.610677 0.270833 0.611328 0.270182 0.611979 0.270182 0.613281 0.268880 0.613932 0.268880 0.615885 0.266927 0.616536 0.266927 0.622396 0.261068 0.622396 0.260417 0.623698 0.258464 0.623698 0.257161 0.624349 0.256510 0.624349 0.253906 0.625000 0.253255 0.625000 0.251953 0.624349 0.251302 0.624349 0.249349 0.623698 0.248698
1 0.451172 0.235677 0.451172 0.236979 0.451823 0.237630 0.451823 0.238932 0.452474 0.239583 0.452474 0.240885 0.453125 0.241536 0.453125 0.242188 0.453776 0.242839 0.459635 0.242839 0.460286 0.243490 0.462240 0.243490 0.462891 0.244141 0.469401 0.244141 0.469401 0.243490 0.470052 0.242839 0.470052 0.241536 0.469401 0.240885 0.469401 0.240234 0.468099 0.238932 0.468099 0.238281 0.467448 0.237630 0.467448 0.236979 0.464844 0.234375 0.464193 0.234375 0.463542 0.233724 0.461589 0.233724 0.460938 0.233073 0.456380 0.233073 0.455729 0.233724 0.453776 0.233724 0.452474 0.235026 0.451823 0.235026
1 0.448568 0.236328 0.449219 0.236979 0.449219 0.237630 0.450521 0.238932 0.450521 0.239583 0.451172 0.240234 0.451172 0.241536 0.452474 0.242839 0.458984 0.242839 0.459635 0.243490 0.461589 0.243490 0.462240 0.244141 0.468750 0.244141 0.469401 0.243490 0.469401 0.242188 0.470052 0.241536 0.469401 0.240885 0.469401 0.240234 0.468099 0.238932 0.468099 0.238281 0.467448 0.237630 0.467448 0.236979 0.464193 0.233724 0.461589 0.233724 0.460938 0.233073 0.455078 0.233073 0.454427 0.233724 0.452474 0.233724 0.451823 0.234375 0.451172 0.234375 0.450521 0.235026 0.449870 0.235026
1 0.158203 0.164714 0.158203 0.166016 0.159505 0.167318 0.159505 0.169271 0.160156 0.169922 0.160156 0.171224 0.162760 0.173828 0.162760 0.174479 0.163411 0.175130 0.163411 0.175781 0.165365 0.177734 0.166016 0.177734 0.166667 0.178385 0.168620 0.178385 0.169271 0.179036 0.181641 0.179036 0.182292 0.178385 0.182943 0.178385 0.184896 0.176432 0.185547 0.176432 0.184245 0.175130 0.184245 0.174479 0.182292 0.172526 0.182292 0.171875 0.180990 0.170573 0.180339 0.170573 0.179036 0.169271 0.178385 0.169271 0.177734 0.168620 0.177083 0.168620 0.176432 0.167969 0.175130 0.167969 0.174479 0.167318 0.173177 0.167318 0.171875 0.166016 0.171224 0.166016 0.170573 0.165365 0.169922 0.166016 0.167969 0.166016 0.167318 0.166667 0.166667 0.166667 0.166016 0.167318 0.164714 0.167318 0.164062 0.166667 0.163411 0.166667 0.160156 0.163411 0.158854 0.163411 0.158854 0.164062
1 0.406250 0.348958 0.406250 0.350260 0.424479 0.350260 0.425130 0.350911 0.437500 0.350911 0.438151 0.350260 0.438802 0.350260 0.438151 0.349609 0.437500 0.349609 0.436849 0.348958 0.436198 0.348958 0.435547 0.348307 0.434896 0.348307 0.434245 0.347656 0.433594 0.347656 0.432943 0.347005 0.432292 0.347005 0.431641 0.346354 0.425781 0.346354 0.425130 0.347005 0.423828 0.347005 0.423177 0.347656 0.422526 0.347656 0.421875 0.348307 0.420573 0.348307 0.419271 0.347005 0.419271 0.346354 0.418620 0.345703 0.418620 0.345052 0.417969 0.344401 0.416667 0.344401 0.416016 0.343750 0.413411 0.343750 0.412760 0.344401 0.409505 0.344401 0.408854 0.345052 0.408203 0.345052 0.408203 0.345703 0.407552 0.346354 0.407552 0.347005 0.406901 0.347656 0.406901 0.348307
