2 0.304036 0.191406 0.296224 0.197266 0.294271 0.201172 0.299479 0.236979 0.325521 0.295573 0.332682 0.307292 0.348307 0.350911 0.358073 0.366536 0.363932 0.384115 0.368490 0.389323 0.377604 0.391276 0.415365 0.383464 0.420573 0.374349 0.421224 0.336589 0.391276 0.281250 0.384115 0.261719 0.365885 0.229818 0.350260 0.197266 0.346354 0.191406 0.339844 0.186849
1 0.405599 0.448568 0.403646 0.450521 0.401693 0.456380 0.401693 0.460286 0.404948 0.473958 0.406901 0.476562 0.407552 0.480469 0.414714 0.498047 0.415365 0.501953 0.417969 0.505859 0.420573 0.513672 0.423177 0.518229 0.424479 0.523438 0.427734 0.529297 0.430990 0.531901 0.436198 0.533854 0.444010 0.533854 0.454427 0.531901 0.456380 0.530599 0.461589 0.529948 0.466146 0.527995 0.469401 0.524089 0.470052 0.512370 0.466797 0.503906 0.462891 0.496745 0.458984 0.483073 0.456380 0.478516 0.455078 0.469401 0.453776 0.466146 0.444010 0.454427 0.440755 0.448568 0.438151 0.445964 0.430339 0.443359 0.423828 0.443359 0.416016 0.444661
1 0.572917 0.604818 0.565755 0.611328 0.564453 0.616536 0.566406 0.633464 0.572917 0.647135 0.578125 0.655599 0.596354 0.697917 0.600260 0.701172 0.608073 0.703125 0.649740 0.701823 0.651693 0.699219 0.650391 0.692708 0.646484 0.684896 0.643880 0.675781 0.635417 0.658854 0.632812 0.650391 0.629557 0.645182 0.627604 0.636068 0.622396 0.627604 0.613932 0.619141 0.608724 0.610677 0.600260 0.602865 0.592448 0.600260 0.587240 0.600260 0.578776 0.602214
1 0.587240 0.414714 0.583333 0.419271 0.581380 0.425130 0.580729 0.436849 0.582682 0.442708 0.591797 0.454427 0.597656 0.464844 0.607422 0.477214 0.610677 0.482422 0.611328 0.485026 0.616536 0.490234 0.633464 0.490234 0.634115 0.489583 0.640625 0.488932 0.649740 0.485677 0.655599 0.481120 0.655599 0.473307 0.652995 0.465495 0.642578 0.447266 0.638021 0.437500 0.636068 0.435547 0.630859 0.426432 0.617839 0.413411 0.607422 0.410156 0.602214 0.410156 0.601562 0.410807 0.595703 0.411458
1 0.490234 0.589844 0.483073 0.594401 0.479818 0.598958 0.479167 0.606120 0.480469 0.615885 0.484375 0.626953 0.488932 0.634115 0.491536 0.643880 0.498698 0.658203 0.502604 0.673177 0.505859 0.679688 0.507812 0.686849 0.514323 0.694661 0.518880 0.698568 0.526042 0.700521 0.538411 0.699870 0.545573 0.698568 0.551432 0.695964 0.557292 0.691406 0.559896 0.686849 0.559245 0.675781 0.548828 0.651693 0.542969 0.632161 0.529948 0.605469 0.527995 0.603516 0.523438 0.594401 0.514323 0.587891 0.500000 0.587240
1 0.479818 0.417969 0.475911 0.421224 0.474609 0.424479 0.474609 0.430990 0.473958 0.431641 0.474609 0.432292 0.475260 0.444010 0.483073 0.455729 0.489583 0.468750 0.491536 0.475260 0.495443 0.481120 0.497396 0.487630 0.502604 0.498047 0.505859 0.502604 0.512370 0.505208 0.516276 0.505208 0.516927 0.504557 0.530599 0.505208 0.539714 0.501953 0.542969 0.498698 0.546224 0.492188 0.545573 0.485677 0.540365 0.472656 0.537760 0.468750 0.535156 0.459635 0.531901 0.454427 0.529948 0.447917 0.527344 0.444010 0.525391 0.438151 0.514323 0.421224 0.507812 0.416667 0.501953 0.414714 0.485026 0.415365 0.483724 0.416667
1 0.371094 0.595703 0.365885 0.600260 0.364583 0.604167 0.363932 0.611979 0.365234 0.622396 0.369141 0.632812 0.369792 0.638021 0.372396 0.643880 0.376953 0.662109 0.380208 0.669271 0.388672 0.698568 0.393880 0.702474 0.396484 0.703125 0.417318 0.703125 0.423828 0.701823 0.436849 0.701823 0.439453 0.698568 0.439453 0.692708 0.436849 0.679688 0.432292 0.667318 0.431641 0.660156 0.429036 0.656250 0.426432 0.644531 0.419271 0.627604 0.419922 0.621745 0.417318 0.616536 0.413411 0.611979 0.408854 0.600260 0.403646 0.594401 0.399740 0.591797 0.392578 0.590495 0.387370 0.590495
1 0.326172 0.442708 0.322266 0.445964 0.320312 0.449219 0.318359 0.455729 0.318359 0.462240 0.329427 0.491536 0.332031 0.502604 0.336589 0.510417 0.339193 0.518880 0.339844 0.524089 0.343750 0.531250 0.346354 0.533854 0.351562 0.536458 0.367839 0.535807 0.373698 0.533203 0.382161 0.531250 0.384115 0.529297 0.385417 0.524089 0.382812 0.508464 0.381510 0.506510 0.380859 0.502604 0.376953 0.492188 0.372396 0.483073 0.367839 0.465495 0.363281 0.455729 0.361328 0.449219 0.356771 0.442708 0.350911 0.439453 0.343099 0.438802
1 0.638021 0.517578 0.637370 0.526042 0.642578 0.546224 0.648438 0.552083 0.650391 0.557292 0.656901 0.567708 0.660156 0.576172 0.663411 0.580078 0.666016 0.588542 0.669922 0.593099 0.676432 0.606771 0.680339 0.611979 0.688151 0.617188 0.703125 0.621094 0.714193 0.619792 0.720052 0.617839 0.730469 0.611979 0.733073 0.607422 0.733073 0.598958 0.731771 0.595052 0.728516 0.590495 0.714193 0.562500 0.711589 0.559896 0.705729 0.548177 0.703776 0.541667 0.699870 0.535156 0.682943 0.517578 0.676432 0.513021 0.670573 0.511068 0.656250 0.510417 0.645833 0.513021
1 0.431641 0.305339 0.430339 0.306641 0.429036 0.310547 0.429036 0.315104 0.431641 0.322917 0.431641 0.324870 0.433594 0.328125 0.434896 0.333984 0.440104 0.343750 0.440104 0.345052 0.442708 0.350260 0.445312 0.352865 0.447917 0.358073 0.448568 0.361328 0.451172 0.365234 0.451172 0.366536 0.458333 0.373047 0.460938 0.373047 0.461589 0.373698 0.473958 0.373047 0.474609 0.372396 0.479818 0.371745 0.483724 0.369792 0.486328 0.369792 0.490885 0.367839 0.492188 0.366536 0.494141 0.361328 0.493490 0.356120 0.491536 0.349609 0.488932 0.345703 0.486979 0.339844 0.484375 0.335938 0.484375 0.334635 0.481120 0.328125 0.477865 0.324870 0.477214 0.322266 0.472656 0.315104 0.470703 0.310547 0.465495 0.305339 0.462240 0.304036 0.460286 0.302083 0.453125 0.300130 0.440104 0.300781
1 0.889974 0.311198 0.889323 0.312500 0.889323 0.317057 0.891927 0.322917 0.895182 0.324870 0.896484 0.324870 0.908854 0.336589 0.910156 0.339193 0.914062 0.341797 0.915365 0.344401 0.919922 0.348307 0.923177 0.354818 0.923177 0.356120 0.926432 0.360026 0.932292 0.359375 0.936849 0.357422 0.947266 0.357422 0.947917 0.356771 0.953776 0.356120 0.962891 0.350260 0.964193 0.347656 0.964193 0.336589 0.960938 0.330078 0.960938 0.328776 0.954427 0.319010 0.944010 0.309896 0.940755 0.309245 0.937500 0.306641 0.931641 0.305990 0.927734 0.304036 0.924479 0.303385 0.921224 0.301432 0.914062 0.300781 0.913411 0.301432 0.910156 0.301432 0.906250 0.303385 0.899740 0.304688 0.893229 0.307943
1 0.703776 0.648438 0.702474 0.653646 0.702474 0.658854 0.701823 0.659505 0.701823 0.668620 0.702474 0.669271 0.703125 0.677083 0.708333 0.686198 0.713542 0.690755 0.720703 0.700521 0.727214 0.703125 0.790365 0.703125 0.790365 0.697917 0.787109 0.694661 0.776042 0.674479 0.764323 0.662760 0.763021 0.659505 0.755859 0.649089 0.749349 0.643880 0.741536 0.640625 0.735026 0.639323 0.728516 0.639323 0.716146 0.641927 0.712240 0.643880 0.710286 0.645833
1 0.052083 0.264323 0.046224 0.264974 0.043620 0.266276 0.031250 0.268880 0.028646 0.270833 0.026693 0.276042 0.026693 0.292969 0.027344 0.293620 0.027344 0.301432 0.027995 0.302083 0.027995 0.312500 0.028646 0.313151 0.029297 0.323568 0.029948 0.324219 0.029948 0.327474 0.031250 0.330729 0.031250 0.333333 0.033203 0.339193 0.035156 0.342448 0.039062 0.345703 0.045573 0.347656 0.052734 0.347656 0.053385 0.347005 0.057292 0.347005 0.057943 0.346354 0.062500 0.345703 0.067708 0.342448 0.070964 0.339193 0.072917 0.334635 0.072266 0.326823 0.071615 0.326172 0.070964 0.319661 0.069010 0.313151 0.068359 0.304688 0.067708 0.304036 0.067708 0.296875 0.067057 0.296224 0.065755 0.286458 0.065104 0.285807 0.062500 0.273438 0.059896 0.268229 0.057292 0.265625 0.052734 0.264974
1 0.241536 0.251953 0.237630 0.257812 0.237630 0.264323 0.238281 0.264974 0.239583 0.274089 0.246745 0.289714 0.250651 0.294271 0.251302 0.296224 0.253906 0.299479 0.257812 0.307943 0.260417 0.309896 0.261068 0.311849 0.267578 0.318359 0.270182 0.318359 0.270833 0.319010 0.283854 0.319010 0.284505 0.318359 0.287760 0.318359 0.297526 0.314453 0.300130 0.311849 0.301432 0.309245 0.301432 0.300130 0.299479 0.294271 0.296224 0.287760 0.296224 0.286458 0.294922 0.285156 0.293620 0.281250 0.291016 0.277344 0.284505 0.263672 0.277344 0.255208 0.274740 0.250000 0.268880 0.246094 0.260417 0.246094 0.259766 0.246745 0.256510 0.246745 0.253906 0.248047 0.247396 0.249349 0.244141 0.251302
1 0.285807 0.336589 0.282552 0.339193 0.281901 0.341146 0.278646 0.345052 0.278646 0.347005 0.277344 0.350260 0.277995 0.350911 0.277995 0.355469 0.278646 0.356120 0.279297 0.360026 0.282552 0.365234 0.285156 0.373047 0.286458 0.374349 0.287109 0.376953 0.289714 0.381510 0.290365 0.384766 0.292969 0.388672 0.297526 0.404297 0.301432 0.408203 0.305339 0.408854 0.305990 0.409505 0.307943 0.409505 0.308594 0.408854 0.314453 0.408854 0.315104 0.408203 0.320964 0.408203 0.329427 0.404948 0.333984 0.399089 0.333984 0.391276 0.330729 0.384766 0.328776 0.375651 0.324870 0.367839 0.322917 0.361328 0.320312 0.356771 0.319010 0.351562 0.315104 0.344401 0.309896 0.337891 0.307292 0.335938 0.302734 0.333984 0.291667 0.333984 0.287109 0.336589
1 0.666016 0.266927 0.660156 0.262370 0.649740 0.259115 0.646484 0.259115 0.645833 0.259766 0.630208 0.259766 0.629557 0.259115 0.626953 0.259115 0.620443 0.263021 0.612630 0.265625 0.605469 0.266927 0.600260 0.269531 0.597005 0.272135 0.592448 0.274089 0.590495 0.276042 0.589193 0.276042 0.587891 0.277344 0.584635 0.278646 0.583333 0.279948 0.582682 0.283203 0.581380 0.285156 0.581380 0.287109 0.582031 0.287760 0.582031 0.294271 0.583984 0.299479 0.589844 0.304688 0.597005 0.304688 0.597656 0.305339 0.604818 0.305990 0.610026 0.307943 0.612630 0.307943 0.617188 0.306641 0.622396 0.302083 0.628255 0.298828 0.630859 0.298828 0.637370 0.296224 0.639323 0.296224 0.649089 0.292318 0.654297 0.292318 0.654948 0.291667 0.659505 0.291016 0.662760 0.285156 0.663411 0.280599 0.665365 0.276693 0.666016 0.269531 0.666667 0.268880
3 0.380859 0.184245 0.376302 0.186849 0.374349 0.190755 0.372396 0.199870 0.372396 0.209635 0.374349 0.213542 0.376953 0.225260 0.384115 0.241536 0.386719 0.250651 0.399089 0.272135 0.403646 0.276042 0.415365 0.276042 0.431641 0.272786 0.440104 0.268229 0.444661 0.263672 0.445964 0.259115 0.447266 0.239583 0.447917 0.238932 0.447266 0.231120 0.442708 0.222005 0.439453 0.218099 0.432292 0.201823 0.430339 0.199870 0.422526 0.184896 0.420573 0.182943 0.415365 0.180990 0.390625 0.182292
1 0.402995 0.076172 0.402995 0.076823 0.401693 0.078125 0.401693 0.080729 0.401042 0.081380 0.401042 0.086589 0.401693 0.087240 0.401693 0.090495 0.402344 0.091146 0.402995 0.094401 0.404948 0.097005 0.404948 0.097656 0.406901 0.099609 0.409505 0.104167 0.412760 0.108073 0.413411 0.110677 0.415365 0.114583 0.415365 0.116536 0.418620 0.120443 0.419271 0.120443 0.420573 0.121745 0.432292 0.121745 0.432943 0.121094 0.436849 0.121094 0.437500 0.120443 0.439453 0.120443 0.440104 0.119792 0.445312 0.119141 0.449219 0.117188 0.449870 0.115885 0.449870 0.107422 0.449219 0.106771 0.449219 0.103516 0.448568 0.102865 0.448568 0.100911 0.443359 0.091146 0.442708 0.088542 0.440755 0.086589 0.438151 0.081380 0.434896 0.078125 0.434245 0.078125 0.431641 0.075521 0.429036 0.074870 0.425781 0.072266 0.421224 0.072266 0.420573 0.071615 0.419271 0.072266 0.412109 0.072266 0.411458 0.072917 0.408854 0.072917 0.405599 0.074870 0.404297 0.074870
1 0.294271 0.134766 0.291016 0.138021 0.291016 0.139323 0.290365 0.139974 0.290365 0.145182 0.291016 0.145833 0.291016 0.149089 0.291667 0.149740 0.291667 0.151693 0.292318 0.152344 0.292969 0.157552 0.295573 0.162760 0.295573 0.164714 0.296224 0.165365 0.296224 0.166667 0.296875 0.167318 0.296875 0.168620 0.298828 0.173177 0.298828 0.175130 0.299479 0.175781 0.301432 0.182943 0.305990 0.187500 0.324219 0.186849 0.324870 0.186198 0.328125 0.186198 0.330729 0.184896 0.334635 0.184245 0.337240 0.181641 0.336589 0.180990 0.336589 0.175130 0.335938 0.174479 0.335938 0.170573 0.334635 0.167969 0.333984 0.162760 0.330729 0.156250 0.330078 0.151042 0.329427 0.150391 0.329427 0.147786 0.328776 0.147135 0.328776 0.144531 0.324870 0.136719 0.321615 0.133464 0.319010 0.132161 0.317708 0.132161 0.317057 0.131510 0.313151 0.131510 0.312500 0.130859 0.300130 0.132161
1 0.344401 0.119792 0.341797 0.122396 0.341797 0.123698 0.340495 0.126302 0.340495 0.132161 0.341146 0.132812 0.341146 0.135417 0.341797 0.136068 0.341797 0.138021 0.343750 0.141927 0.343750 0.143229 0.345052 0.145833 0.347005 0.147786 0.347005 0.149089 0.348307 0.151042 0.348958 0.154948 0.350260 0.156901 0.350260 0.158854 0.352214 0.161458 0.354167 0.166016 0.356120 0.167969 0.357422 0.167969 0.360026 0.169271 0.367188 0.169271 0.367839 0.168620 0.375651 0.167969 0.376302 0.167318 0.378906 0.167318 0.379557 0.166667 0.382812 0.166016 0.384766 0.162760 0.384766 0.160807 0.385417 0.160156 0.385417 0.152995 0.384766 0.152344 0.384766 0.149740 0.384115 0.149089 0.383464 0.145833 0.381510 0.143229 0.379557 0.139323 0.377604 0.130859 0.375651 0.128255 0.375000 0.126302 0.372396 0.123698 0.372396 0.123047 0.371094 0.121745 0.368490 0.120443 0.364583 0.119792 0.363932 0.119141 0.361979 0.119141 0.361328 0.118490 0.358073 0.118490 0.357422 0.117839 0.349609 0.117839 0.347656 0.119141
1 0.878255 0.503255 0.876953 0.505859 0.876953 0.508464 0.879557 0.511068 0.882812 0.517578 0.886068 0.520833 0.888021 0.524740 0.891276 0.527995 0.893229 0.531901 0.893880 0.537760 0.895833 0.542318 0.896484 0.546224 0.899089 0.550130 0.904297 0.553385 0.908203 0.552734 0.908854 0.552083 0.919271 0.551432 0.936198 0.546224 0.940104 0.543620 0.947266 0.541667 0.948568 0.540365 0.951172 0.535156 0.951823 0.527344 0.951172 0.526693 0.951172 0.524089 0.949219 0.520833 0.948568 0.518229 0.945964 0.515625 0.942708 0.510417 0.935547 0.503906 0.934896 0.502604 0.930990 0.500000 0.929688 0.500000 0.925130 0.497396 0.923177 0.497396 0.922526 0.496745 0.905599 0.496745 0.899089 0.498698 0.895182 0.498698 0.891276 0.500000 0.888021 0.500000 0.887370 0.500651 0.880208 0.501953
1 0.209635 0.164062 0.207682 0.166016 0.207682 0.167318 0.207031 0.167969 0.207031 0.170573 0.206380 0.171224 0.206380 0.179036 0.207031 0.179688 0.207031 0.182292 0.208333 0.184245 0.208984 0.187500 0.210938 0.189453 0.212240 0.192057 0.212240 0.193359 0.218099 0.203776 0.218750 0.209635 0.219401 0.210286 0.219401 0.214844 0.220052 0.215495 0.220052 0.218099 0.220703 0.219401 0.224609 0.221354 0.243490 0.221354 0.244141 0.220703 0.248047 0.220052 0.251953 0.218099 0.253906 0.216146 0.255208 0.213542 0.255208 0.203776 0.252604 0.197266 0.252604 0.194661 0.251302 0.192057 0.250651 0.187500 0.248698 0.183594 0.248698 0.181641 0.247396 0.179688 0.247396 0.178385 0.243490 0.171875 0.243490 0.170573 0.240885 0.167318 0.240234 0.165365 0.236328 0.161458 0.231120 0.158854 0.222005 0.158854 0.221354 0.159505 0.219401 0.159505 0.213542 0.162760 0.212240 0.162760
1 0.815104 0.054036 0.813802 0.056641 0.814453 0.057943 0.814453 0.060547 0.815104 0.061198 0.815104 0.062500 0.818359 0.065755 0.819010 0.065755 0.819661 0.067057 0.822266 0.069661 0.824870 0.070964 0.826823 0.072917 0.834635 0.076823 0.836589 0.078776 0.841146 0.081380 0.844401 0.084635 0.849609 0.087240 0.851562 0.087240 0.854167 0.088542 0.860026 0.088542 0.860677 0.087891 0.862630 0.087891 0.863281 0.087240 0.867188 0.086589 0.871094 0.083984 0.871745 0.082682 0.871745 0.080078 0.872396 0.079427 0.871745 0.072917 0.869792 0.070312 0.869792 0.069661 0.867839 0.067708 0.867839 0.067057 0.865234 0.064453 0.864583 0.062500 0.863281 0.061198 0.861979 0.058594 0.856771 0.054036 0.855469 0.053385 0.853516 0.053385 0.852865 0.052734 0.851562 0.052734 0.848958 0.051432 0.846354 0.051432 0.845703 0.050781 0.843750 0.050781 0.843099 0.050130 0.839844 0.050130 0.839193 0.049479 0.835286 0.049479 0.834635 0.048828 0.827474 0.048828 0.826823 0.049479 0.822266 0.049479 0.821615 0.050130 0.819661 0.050130 0.819010 0.050781 0.817708 0.050781
1 0.436198 0.132161 0.434896 0.134766 0.432292 0.138021 0.432292 0.142578 0.432943 0.143229 0.433594 0.148438 0.436198 0.152995 0.436198 0.154297 0.440104 0.158203 0.440755 0.160156 0.445312 0.166016 0.447917 0.171875 0.451172 0.175130 0.451823 0.175130 0.453125 0.176432 0.457031 0.177083 0.457682 0.177734 0.462240 0.177734 0.462891 0.178385 0.472005 0.178385 0.472656 0.177734 0.475911 0.177734 0.476562 0.177083 0.477865 0.177083 0.481120 0.174479 0.481771 0.171875 0.482422 0.171224 0.482422 0.164714 0.481771 0.164062 0.481771 0.162109 0.481120 0.161458 0.480469 0.156901 0.479167 0.155599 0.476562 0.150391 0.476562 0.149089 0.475260 0.147135 0.475260 0.145833 0.473958 0.144531 0.471354 0.139323 0.471354 0.138021 0.466146 0.132161 0.461589 0.130208 0.458984 0.127604 0.458984 0.126953 0.457682 0.126953 0.455078 0.125651 0.453776 0.124349 0.451172 0.124349 0.449219 0.125651 0.447917 0.125651 0.441406 0.128906 0.438151 0.131510
1 0.180990 0.113932 0.179036 0.116536 0.179036 0.123698 0.180339 0.126302 0.180339 0.128906 0.180990 0.129557 0.180990 0.133464 0.181641 0.134115 0.181641 0.136068 0.183594 0.139323 0.184245 0.142578 0.190104 0.154297 0.192708 0.156901 0.194661 0.156901 0.195312 0.157552 0.197266 0.157552 0.197917 0.158203 0.199870 0.158203 0.200521 0.157552 0.207031 0.157552 0.207682 0.156901 0.212240 0.156901 0.212891 0.156250 0.215495 0.156250 0.216146 0.155599 0.217448 0.155599 0.218750 0.154297 0.219401 0.154297 0.220703 0.152995 0.222005 0.150391 0.222005 0.146484 0.221354 0.145833 0.221354 0.143229 0.220703 0.142578 0.220052 0.139323 0.216797 0.133464 0.216797 0.131510 0.216146 0.130859 0.216146 0.128255 0.215495 0.127604 0.214844 0.124349 0.212240 0.119792 0.211589 0.116536 0.209635 0.113932 0.209635 0.113281 0.207031 0.110677 0.206380 0.110677 0.203776 0.108724 0.197917 0.108724 0.197266 0.109375 0.192057 0.109375 0.191406 0.110026 0.189453 0.110026 0.188802 0.110677 0.185547 0.111328 0.184245 0.112630
1 0.569010 0.104167 0.569010 0.106120 0.570964 0.108073 0.570964 0.108724 0.576823 0.113932 0.578125 0.116536 0.579427 0.117188 0.583333 0.121094 0.583333 0.121745 0.584635 0.123047 0.587240 0.124349 0.589844 0.127604 0.595052 0.130208 0.603516 0.130208 0.604167 0.129557 0.613281 0.129557 0.613932 0.128906 0.617839 0.128906 0.618490 0.128255 0.623047 0.127604 0.625651 0.125651 0.626953 0.125651 0.628906 0.123047 0.628906 0.121094 0.629557 0.120443 0.629557 0.117188 0.630208 0.115885 0.629557 0.115234 0.629557 0.111328 0.627604 0.107422 0.622396 0.102865 0.617188 0.101562 0.615234 0.100260 0.610677 0.100260 0.610026 0.099609 0.604818 0.099609 0.604167 0.098958 0.602214 0.098958 0.601562 0.098307 0.599609 0.098307 0.598958 0.097656 0.596354 0.097656 0.595703 0.097005 0.590495 0.097005 0.589844 0.097656 0.586589 0.097656 0.585938 0.098307 0.583333 0.098307 0.582682 0.098958 0.580078 0.098958 0.579427 0.099609 0.577474 0.099609 0.576823 0.100260 0.575521 0.100260 0.573568 0.101562 0.570964 0.102214
1 0.214193 0.072266 0.213542 0.073568 0.213542 0.083333 0.214193 0.083984 0.214193 0.086589 0.214844 0.087240 0.215495 0.089844 0.217448 0.092448 0.217448 0.093750 0.218750 0.095703 0.220052 0.100911 0.222005 0.103516 0.223958 0.111328 0.228516 0.116536 0.229818 0.117188 0.235026 0.117188 0.235677 0.116536 0.240885 0.116536 0.241536 0.115885 0.245443 0.115885 0.246094 0.115234 0.248047 0.115234 0.250651 0.113932 0.254557 0.113281 0.257161 0.111328 0.257812 0.111328 0.258464 0.110026 0.258464 0.108073 0.259115 0.107422 0.259115 0.099609 0.258464 0.098958 0.257812 0.095703 0.255208 0.091146 0.255208 0.089844 0.253906 0.087891 0.253906 0.086589 0.246745 0.072266 0.244141 0.070964 0.241536 0.068359 0.240234 0.067708 0.238281 0.067708 0.237630 0.067057 0.223958 0.067057 0.223307 0.067708 0.220703 0.067708
1 0.259115 0.050781 0.257812 0.052083 0.257812 0.052734 0.257161 0.053385 0.257161 0.054688 0.256510 0.055339 0.256510 0.061198 0.255859 0.061849 0.256510 0.062500 0.256510 0.069010 0.257161 0.069661 0.257161 0.072266 0.257812 0.072917 0.260417 0.078776 0.263672 0.082682 0.263672 0.083333 0.264974 0.084635 0.264974 0.085286 0.266927 0.087891 0.266927 0.088542 0.268229 0.089844 0.269531 0.089844 0.270182 0.090495 0.272135 0.090495 0.272786 0.091146 0.275391 0.091146 0.276042 0.091797 0.281250 0.091797 0.281901 0.091146 0.285807 0.091146 0.286458 0.090495 0.289714 0.090495 0.290365 0.089844 0.292318 0.089844 0.292969 0.089193 0.293620 0.089193 0.296224 0.086589 0.296224 0.084635 0.296875 0.083984 0.296875 0.083333 0.296224 0.082682 0.296224 0.078125 0.295573 0.077474 0.295573 0.076172 0.294922 0.075521 0.294271 0.072266 0.292969 0.070312 0.292969 0.069010 0.290365 0.064453 0.290365 0.062500 0.288411 0.059245 0.287760 0.055990 0.285807 0.053385 0.285807 0.052734 0.282552 0.050130 0.281901 0.050130 0.278646 0.048177 0.276042 0.048177 0.275391 0.047526 0.267578 0.047526 0.266927 0.048177 0.265625 0.048177 0.264974 0.048828 0.263021 0.048828 0.262370 0.049479
1 0.154297 0.050130 0.154297 0.050781 0.153646 0.051432 0.153646 0.058594 0.154297 0.059245 0.154297 0.061198 0.156250 0.064453 0.156250 0.065755 0.156901 0.066406 0.156901 0.067057 0.157552 0.067708 0.157552 0.069010 0.158203 0.069661 0.158203 0.071615 0.158854 0.072266 0.158854 0.074219 0.159505 0.074870 0.159505 0.078125 0.160156 0.078776 0.160156 0.080078 0.160807 0.080729 0.161458 0.083984 0.164714 0.087240 0.166016 0.087240 0.166667 0.087891 0.173177 0.087891 0.173828 0.087240 0.177083 0.087240 0.177734 0.086589 0.179688 0.086589 0.180339 0.085938 0.184245 0.085938 0.184896 0.085286 0.188151 0.085286 0.188802 0.084635 0.190755 0.083984 0.190755 0.083333 0.191406 0.082682 0.191406 0.081380 0.192057 0.080729 0.192057 0.072917 0.191406 0.072266 0.191406 0.070312 0.190755 0.069661 0.190755 0.068359 0.189453 0.066406 0.189453 0.065104 0.188151 0.063151 0.187500 0.059896 0.185547 0.056641 0.185547 0.055339 0.184896 0.054688 0.184896 0.053385 0.184245 0.052734 0.183594 0.049479 0.180990 0.046224 0.180339 0.046224 0.177083 0.044271 0.165365 0.044271 0.164714 0.044922 0.162760 0.044922 0.162109 0.045573 0.160807 0.045573 0.160156 0.046224 0.159505 0.046224 0.157552 0.048177 0.156901 0.048177 0.154948 0.050130
1 0.627604 0.153646 0.626953 0.154948 0.626302 0.161458 0.624349 0.165365 0.623698 0.170573 0.623047 0.171224 0.623047 0.173177 0.621745 0.175781 0.621745 0.187500 0.622396 0.188151 0.627604 0.189453 0.628255 0.188802 0.630859 0.188802 0.631510 0.188151 0.634766 0.188151 0.635417 0.187500 0.639974 0.187500 0.640625 0.186849 0.646484 0.186849 0.647135 0.186198 0.656901 0.186198 0.657552 0.186849 0.665365 0.186849 0.666016 0.186198 0.667318 0.186198 0.667969 0.185547 0.669271 0.185547 0.669922 0.184896 0.672526 0.184245 0.676432 0.179688 0.677083 0.175781 0.677734 0.175130 0.677734 0.171875 0.678385 0.171224 0.678385 0.169271 0.677734 0.168620 0.677734 0.165365 0.677083 0.164062 0.671875 0.158854 0.669271 0.157552 0.667969 0.157552 0.665365 0.155599 0.660156 0.154948 0.659505 0.154297 0.656250 0.154297 0.655599 0.153646 0.649089 0.153646 0.648438 0.152995 0.636719 0.152995 0.634115 0.151693 0.631510 0.151693
1 0.569661 0.295573 0.562500 0.288411 0.555990 0.284505 0.553385 0.284505 0.552734 0.283854 0.540365 0.283854 0.530599 0.289062 0.529297 0.289062 0.517578 0.298828 0.513021 0.301432 0.510417 0.304688 0.508464 0.305339 0.501302 0.311198 0.498698 0.312500 0.493490 0.317708 0.491536 0.320964 0.491536 0.324870 0.490885 0.325521 0.490885 0.330729 0.493490 0.336589 0.496094 0.339844 0.500000 0.341797 0.505208 0.343099 0.507812 0.345052 0.512370 0.346354 0.524089 0.347005 0.524740 0.346354 0.529297 0.346354 0.530599 0.345703 0.544271 0.331380 0.550781 0.326172 0.555990 0.324219 0.568359 0.312500 0.570964 0.306641 0.570964 0.302734 0.571615 0.302083
1 0.999349 0.264974 0.996745 0.264974 0.994141 0.263672 0.988932 0.263672 0.985677 0.264974 0.983073 0.264974 0.982422 0.265625 0.977865 0.266276 0.975260 0.267578 0.971354 0.267578 0.953776 0.273438 0.949870 0.276042 0.940104 0.279297 0.937500 0.281250 0.930339 0.289062 0.929688 0.295573 0.929036 0.296224 0.929036 0.300781 0.929688 0.302083 0.932292 0.304036 0.934245 0.304036 0.938151 0.305339 0.941406 0.307292 0.942708 0.307292 0.953125 0.313802 0.955729 0.313802 0.956380 0.313151 0.960938 0.312500 0.966797 0.309896 0.975260 0.308594 0.975911 0.307943 0.992188 0.306641 0.996745 0.300130 0.999349 0.300130
1 0.003906 0.083984 0.001953 0.085286 0.000000 0.085286 0.000000 0.144531 0.001953 0.144531 0.007161 0.149740 0.018880 0.149740 0.019531 0.149089 0.022786 0.149089 0.026042 0.147135 0.029948 0.146484 0.030599 0.145833 0.035156 0.144531 0.035807 0.143229 0.035807 0.140625 0.036458 0.139974 0.035156 0.123047 0.033203 0.118490 0.031901 0.111328 0.030599 0.108724 0.029297 0.099609 0.027995 0.098307 0.027344 0.095052 0.026042 0.093750 0.024740 0.091146 0.024740 0.089844 0.018229 0.083984 0.015625 0.083984 0.014974 0.083333 0.007161 0.083333 0.006510 0.083984
1 0.923828 0.563802 0.923828 0.568359 0.925130 0.569661 0.926432 0.572917 0.930339 0.576823 0.930990 0.578776 0.935547 0.584635 0.937500 0.589193 0.939453 0.591146 0.941406 0.595703 0.945312 0.599609 0.945964 0.601562 0.947917 0.603516 0.947917 0.604167 0.953125 0.609375 0.958333 0.611979 0.960286 0.611979 0.960938 0.611328 0.964193 0.611328 0.975911 0.605469 0.978516 0.600260 0.978516 0.597005 0.979167 0.596354 0.978516 0.588542 0.977214 0.586589 0.976562 0.583333 0.973958 0.578776 0.966797 0.571615 0.962891 0.569661 0.958984 0.566406 0.957682 0.566406 0.955078 0.565104 0.953125 0.563151 0.950521 0.561849 0.949219 0.561849 0.948568 0.561198 0.945964 0.561198 0.945312 0.560547 0.934896 0.561198 0.934245 0.561849 0.929036 0.561849 0.928385 0.562500 0.925130 0.562500
0 0.792969 0.132161 0.792969 0.138672 0.796224 0.145182 0.800130 0.149740 0.807292 0.152995 0.808594 0.154297 0.813151 0.155599 0.818359 0.160156 0.822266 0.160156 0.822917 0.160807 0.833333 0.156250 0.850260 0.155599 0.858073 0.152344 0.865885 0.151042 0.872396 0.149089 0.875000 0.146484 0.877604 0.145182 0.879557 0.139323 0.878906 0.132161 0.867188 0.121745 0.856120 0.119141 0.855469 0.118490 0.853516 0.118490 0.849609 0.116536 0.847656 0.116536 0.841797 0.114583 0.828125 0.114583 0.827474 0.115234 0.817057 0.115885 0.812500 0.117188 0.810547 0.118490 0.805990 0.119792 0.801432 0.124349 0.795573 0.128255
1 0.142578 0.000000 0.142578 0.003906 0.141927 0.004557 0.141927 0.009115 0.142578 0.009766 0.142578 0.011068 0.143229 0.011719 0.143229 0.014974 0.143880 0.015625 0.143880 0.018229 0.144531 0.018880 0.144531 0.020833 0.145182 0.021484 0.145182 0.024089 0.145833 0.024740 0.145833 0.026042 0.147135 0.027995 0.147135 0.029948 0.147786 0.030599 0.147786 0.031901 0.148438 0.032552 0.148438 0.033854 0.149089 0.034505 0.149089 0.035156 0.150391 0.036458 0.151042 0.036458 0.152344 0.037760 0.152995 0.037760 0.154948 0.039062 0.161458 0.039062 0.162109 0.038411 0.165365 0.038411 0.166016 0.037760 0.167969 0.037760 0.168620 0.037109 0.171224 0.037109 0.171875 0.036458 0.173177 0.036458 0.173828 0.035807 0.175130 0.035807 0.175781 0.035156 0.176432 0.035156 0.176432 0.034505 0.177083 0.033854 0.177083 0.032552 0.177734 0.031901 0.177734 0.029948 0.178385 0.029297 0.178385 0.018229 0.177734 0.017578 0.177734 0.015625 0.177083 0.014974 0.177083 0.013021 0.176432 0.012370 0.175781 0.010417 0.174479 0.009115 0.173177 0.005859 0.171875 0.004557 0.171224 0.004557 0.168620 0.002604 0.168620 0.000000
1 0.240885 0.000000 0.240885 0.007812 0.241536 0.008464 0.241536 0.013672 0.242188 0.014323 0.242188 0.016927 0.242839 0.017578 0.242839 0.020182 0.243490 0.020833 0.243490 0.022786 0.244141 0.023438 0.244141 0.024740 0.244792 0.025391 0.244792 0.026693 0.245443 0.027344 0.245443 0.027995 0.246745 0.029297 0.246745 0.029948 0.247396 0.029948 0.248047 0.030599 0.249349 0.030599 0.250000 0.031250 0.251302 0.031250 0.251953 0.031901 0.264323 0.031901 0.264974 0.031250 0.268880 0.031250 0.269531 0.030599 0.270182 0.030599 0.274089 0.026693 0.274089 0.026042 0.275391 0.024089 0.275391 0.019531 0.276042 0.018880 0.276042 0.018229 0.275391 0.017578 0.275391 0.013672 0.274740 0.013021 0.274740 0.010417 0.274089 0.009766 0.274089 0.008464 0.273438 0.007812 0.273438 0.006510 0.272786 0.005859 0.272786 0.004557 0.271484 0.002604 0.271484 0.000000
1 0.842448 0.457031 0.842448 0.457682 0.841146 0.458984 0.842448 0.460938 0.842448 0.462240 0.843099 0.462891 0.843099 0.464844 0.845052 0.468750 0.848307 0.472005 0.849609 0.474609 0.850911 0.475911 0.851562 0.475911 0.854818 0.479167 0.854818 0.479818 0.859375 0.484375 0.859375 0.485026 0.861328 0.486979 0.863281 0.487630 0.867188 0.490885 0.869792 0.492188 0.871094 0.492188 0.871745 0.492839 0.880208 0.492839 0.880859 0.492188 0.882812 0.492188 0.886719 0.488281 0.887370 0.488281 0.888672 0.486979 0.889323 0.485677 0.889323 0.484375 0.889974 0.483724 0.889974 0.481771 0.890625 0.481120 0.890625 0.475911 0.891276 0.475260 0.890625 0.474609 0.890625 0.473307 0.889974 0.472656 0.889323 0.469401 0.888021 0.468099 0.888021 0.467448 0.886719 0.466146 0.886068 0.464193 0.884115 0.462240 0.884115 0.461589 0.877604 0.455078 0.876953 0.455078 0.873047 0.451823 0.871745 0.451172 0.870443 0.451172 0.869792 0.450521 0.868490 0.450521 0.866536 0.449219 0.860677 0.449219 0.860026 0.449870 0.855469 0.450521 0.854818 0.451172 0.851562 0.451823 0.849609 0.453125 0.848307 0.453125 0.847005 0.454427 0.846354 0.454427 0.845052 0.455729
1 0.807943 0.409505 0.807943 0.411458 0.807292 0.412109 0.807292 0.417969 0.807943 0.418620 0.807943 0.421224 0.808594 0.421875 0.808594 0.423177 0.810547 0.427083 0.814453 0.430990 0.814453 0.431641 0.815104 0.431641 0.819661 0.435547 0.822917 0.440755 0.831380 0.449219 0.832031 0.449219 0.833984 0.451172 0.837240 0.452474 0.838542 0.453776 0.841797 0.453776 0.842448 0.453125 0.843750 0.453125 0.848307 0.451172 0.850260 0.451172 0.854167 0.449219 0.855469 0.447917 0.860026 0.445312 0.861979 0.443359 0.863932 0.438802 0.863932 0.430990 0.862630 0.428385 0.862630 0.426432 0.859375 0.421224 0.856120 0.417969 0.855469 0.416016 0.854167 0.415365 0.845703 0.407552 0.844401 0.406901 0.842448 0.406901 0.841797 0.406250 0.839844 0.406250 0.839193 0.405599 0.837891 0.406250 0.822917 0.406250 0.822266 0.405599 0.819661 0.405599 0.819010 0.404948 0.815755 0.404948 0.815104 0.405599 0.812500 0.405599 0.811198 0.406250
1 0.807292 0.056641 0.805339 0.054036 0.804688 0.052083 0.802083 0.049479 0.799479 0.048828 0.796224 0.046875 0.794271 0.046875 0.791016 0.045573 0.774089 0.045573 0.772135 0.046875 0.770833 0.046875 0.764323 0.049479 0.757812 0.050130 0.751953 0.054036 0.747396 0.055990 0.743490 0.059896 0.740234 0.061198 0.736328 0.063802 0.733073 0.067708 0.732422 0.070312 0.731120 0.072266 0.731771 0.077474 0.737630 0.083984 0.738932 0.083984 0.741536 0.085938 0.744141 0.085938 0.746745 0.087240 0.750000 0.083984 0.750000 0.083333 0.753255 0.080729 0.757812 0.079427 0.761719 0.076172 0.768229 0.073568 0.772786 0.072917 0.774740 0.071615 0.779297 0.070964 0.779948 0.070312 0.793620 0.070312 0.794271 0.069661 0.801432 0.070312 0.804036 0.069010 0.805339 0.067708 0.806641 0.064453
1 0.774740 0.040365 0.774089 0.039062 0.769531 0.034505 0.768229 0.034505 0.767578 0.033854 0.763672 0.033854 0.763021 0.033203 0.759766 0.033203 0.759115 0.032552 0.753255 0.032552 0.752604 0.031901 0.751302 0.032552 0.746094 0.032552 0.745443 0.033203 0.744141 0.033203 0.738932 0.037109 0.737630 0.037109 0.735026 0.038411 0.733073 0.038411 0.732422 0.039062 0.729167 0.039714 0.714844 0.046875 0.711589 0.050130 0.710938 0.054036 0.710286 0.054688 0.709635 0.057292 0.710286 0.057943 0.710286 0.059245 0.711589 0.061849 0.714193 0.063802 0.716146 0.063802 0.719401 0.065755 0.722005 0.065755 0.722656 0.066406 0.724609 0.066406 0.725260 0.067057 0.727214 0.067057 0.727865 0.067708 0.730469 0.068359 0.733073 0.065104 0.736328 0.063802 0.740234 0.060547 0.747396 0.057292 0.750651 0.054036 0.753906 0.052734 0.757161 0.050130 0.759766 0.049479 0.760417 0.048828 0.763021 0.048828 0.763672 0.048177 0.765625 0.048177 0.766276 0.047526 0.768229 0.047526 0.768880 0.046875 0.772135 0.046224 0.774089 0.044271 0.774089 0.041667
1 0.533203 0.059896 0.533203 0.063151 0.537760 0.069010 0.537760 0.069661 0.541667 0.073568 0.542318 0.073568 0.546224 0.077474 0.546224 0.078125 0.549479 0.080078 0.552083 0.082682 0.555990 0.083333 0.556641 0.083984 0.557943 0.083333 0.560547 0.083333 0.561198 0.082682 0.569661 0.082682 0.570312 0.082031 0.576823 0.082031 0.577474 0.081380 0.580078 0.081380 0.580729 0.082031 0.589193 0.082031 0.591146 0.080729 0.592448 0.080729 0.595052 0.079427 0.598958 0.072917 0.598958 0.069661 0.599609 0.069010 0.599609 0.067057 0.597005 0.061198 0.595703 0.059896 0.592448 0.058594 0.589193 0.055990 0.571615 0.055990 0.570964 0.055339 0.569010 0.055339 0.568359 0.054688 0.561849 0.054688 0.558594 0.050781 0.557292 0.050130 0.552734 0.050130 0.551432 0.049479 0.550781 0.050130 0.548177 0.050130 0.547526 0.050781 0.541667 0.050781 0.541016 0.051432 0.539714 0.051432 0.538411 0.054036
0 0.763021 0.000000 0.763021 0.002604 0.762370 0.003255 0.762370 0.005208 0.761719 0.005859 0.761719 0.008464 0.762370 0.009115 0.762370 0.010417 0.764323 0.014323 0.765625 0.015625 0.767578 0.020182 0.771484 0.024089 0.771484 0.024740 0.782552 0.035156 0.786458 0.037109 0.787760 0.037109 0.790365 0.038411 0.794271 0.041667 0.796875 0.042318 0.800781 0.044271 0.812500 0.044271 0.814453 0.042318 0.815104 0.041016 0.815104 0.032552 0.814453 0.031901 0.814453 0.029948 0.813151 0.027995 0.813151 0.026693 0.812500 0.026042 0.811849 0.022135 0.810547 0.020182 0.810547 0.018880 0.808594 0.016276 0.807943 0.014323 0.805990 0.012370 0.805339 0.012370 0.797526 0.004557 0.796875 0.004557 0.793620 0.001953 0.793620 0.000000
1 0.819661 0.083333 0.814453 0.078125 0.813151 0.078125 0.811198 0.076823 0.807943 0.076172 0.806641 0.074870 0.802734 0.074219 0.800781 0.072917 0.797526 0.072917 0.796875 0.072266 0.783203 0.072266 0.782552 0.072917 0.779948 0.072917 0.779297 0.073568 0.774740 0.073568 0.774089 0.074219 0.772135 0.074219 0.771484 0.074870 0.768880 0.074870 0.764323 0.077474 0.763021 0.077474 0.760417 0.078776 0.759115 0.080078 0.751953 0.083333 0.750651 0.084635 0.748698 0.088542 0.748698 0.090495 0.749349 0.091146 0.749349 0.093750 0.751302 0.096354 0.752604 0.098958 0.752604 0.100260 0.754557 0.100911 0.757812 0.103516 0.759115 0.103516 0.763672 0.106120 0.764323 0.105469 0.766276 0.105469 0.768880 0.104167 0.772786 0.100911 0.774089 0.100911 0.776693 0.098958 0.782552 0.096354 0.784505 0.096354 0.785156 0.095703 0.788411 0.095703 0.789062 0.095052 0.791667 0.095052 0.792318 0.094401 0.793620 0.094401 0.798177 0.092448 0.800781 0.092448 0.801432 0.091797 0.804688 0.091797 0.805339 0.091146 0.808594 0.091146 0.809245 0.090495 0.812500 0.090495 0.813151 0.089844 0.818359 0.089193 0.819661 0.086589
1 0.357422 0.000000 0.357422 0.002604 0.358073 0.003255 0.358073 0.004557 0.358724 0.005208 0.358724 0.007812 0.360677 0.009766 0.360677 0.010417 0.363281 0.013021 0.363281 0.013672 0.365234 0.015625 0.365234 0.016276 0.365885 0.016927 0.366536 0.018880 0.368490 0.020833 0.368490 0.021484 0.369792 0.022786 0.369792 0.023438 0.371745 0.025391 0.373047 0.025391 0.373698 0.024740 0.375000 0.024740 0.375651 0.024089 0.382812 0.024089 0.383464 0.024740 0.389974 0.024740 0.390625 0.024089 0.391927 0.024089 0.392578 0.023438 0.393880 0.023438 0.394531 0.022786 0.395182 0.022786 0.397135 0.020833 0.397135 0.020182 0.398438 0.018880 0.398438 0.013021 0.397786 0.012370 0.397786 0.008464 0.397135 0.007812 0.397135 0.005208 0.396484 0.004557 0.396484 0.003255 0.395833 0.002604 0.395833 0.000000
1 0.842448 0.104167 0.841797 0.103516 0.841146 0.099609 0.836589 0.093099 0.832031 0.089193 0.830078 0.088542 0.826172 0.088542 0.825521 0.087891 0.822266 0.087891 0.819010 0.089193 0.810547 0.089844 0.809896 0.090495 0.807292 0.090495 0.799479 0.093099 0.785807 0.095052 0.781901 0.097656 0.778646 0.098307 0.774740 0.100260 0.767578 0.106120 0.763021 0.113932 0.762370 0.118490 0.763021 0.119141 0.763021 0.121745 0.767578 0.126302 0.767578 0.126953 0.769531 0.128255 0.773438 0.129557 0.777344 0.129557 0.777995 0.130208 0.790365 0.130208 0.794922 0.127604 0.798177 0.124349 0.802083 0.122396 0.805339 0.119141 0.809896 0.117188 0.812500 0.115234 0.815104 0.115234 0.819010 0.113932 0.823568 0.113932 0.824219 0.113281 0.835286 0.112630 0.835938 0.111979 0.839844 0.111328 0.841797 0.108724
1 0.510417 0.029948 0.510417 0.034505 0.512370 0.037109 0.512370 0.037760 0.516276 0.041667 0.516276 0.042318 0.520182 0.046224 0.520182 0.046875 0.524740 0.052083 0.526042 0.052083 0.526693 0.052734 0.527995 0.052734 0.528646 0.053385 0.529948 0.053385 0.531250 0.052083 0.531901 0.052083 0.534505 0.049479 0.541667 0.049479 0.542318 0.048828 0.544922 0.048828 0.545573 0.048177 0.552083 0.048177 0.552734 0.047526 0.554688 0.047526 0.555339 0.046875 0.556641 0.046875 0.558594 0.044922 0.559245 0.044922 0.562500 0.041016 0.562500 0.039714 0.561849 0.039062 0.561849 0.037760 0.561198 0.037109 0.560547 0.035156 0.559896 0.034505 0.559245 0.034505 0.557292 0.032552 0.554036 0.031250 0.551432 0.029297 0.548177 0.028646 0.546224 0.027344 0.543620 0.027344 0.542969 0.026693 0.541016 0.026693 0.540365 0.026042 0.538411 0.026042 0.537760 0.025391 0.536458 0.025391 0.535807 0.024740 0.526042 0.024740 0.525391 0.025391 0.522786 0.025391 0.522135 0.026042 0.520833 0.026042 0.520182 0.026693 0.518229 0.026693 0.517578 0.027344 0.515625 0.027344 0.514974 0.027995 0.513672 0.027995
1 0.878255 0.111328 0.878255 0.113281 0.877604 0.113932 0.877604 0.121745 0.880208 0.124349 0.880859 0.126953 0.882812 0.128906 0.882812 0.129557 0.885417 0.132812 0.887370 0.136719 0.889323 0.138672 0.889974 0.138672 0.891927 0.140625 0.892578 0.140625 0.897135 0.145182 0.897786 0.145182 0.899089 0.146484 0.902344 0.147135 0.904948 0.149089 0.906901 0.149089 0.907552 0.149740 0.909505 0.149740 0.910156 0.150391 0.912760 0.150391 0.913411 0.151042 0.916016 0.151042 0.917969 0.149740 0.923177 0.149089 0.923828 0.148438 0.927083 0.147786 0.930990 0.144531 0.931641 0.144531 0.931641 0.143229 0.932292 0.142578 0.932292 0.139974 0.932943 0.139323 0.932943 0.132161 0.932292 0.131510 0.931641 0.128906 0.926432 0.122396 0.925781 0.122396 0.921224 0.117839 0.920573 0.117839 0.915365 0.113932 0.912760 0.113281 0.910807 0.111979 0.907552 0.111979 0.906901 0.111328 0.900391 0.111328 0.899740 0.110677 0.897135 0.110677 0.896484 0.110026 0.894531 0.110026 0.893880 0.109375 0.884766 0.109375 0.884115 0.110026 0.881510 0.110026 0.880859 0.110677
1 0.991536 0.317708 0.991536 0.318359 0.990885 0.319010 0.990234 0.319010 0.988932 0.320312 0.988281 0.320312 0.987630 0.320964 0.986328 0.320964 0.985677 0.321615 0.985026 0.321615 0.984375 0.322266 0.983724 0.322266 0.982422 0.323568 0.981771 0.323568 0.976562 0.328776 0.976562 0.330729 0.975911 0.331380 0.975911 0.333333 0.975260 0.333984 0.976562 0.335286 0.976562 0.335938 0.977214 0.336589 0.977214 0.337240 0.977865 0.337891 0.977865 0.338542 0.978516 0.339193 0.978516 0.339844 0.981120 0.342448 0.981771 0.342448 0.985026 0.345703 0.985677 0.345703 0.986328 0.346354 0.986979 0.346354 0.987630 0.347005 0.988281 0.347005 0.989583 0.348307 0.990234 0.348307 0.991536 0.349609 0.991536 0.350260 0.993490 0.350260 0.994141 0.350911 0.995443 0.350911 0.996094 0.351562 0.999349 0.351562 0.999349 0.317057 0.995443 0.317057 0.994792 0.317708
1 0.748698 0.023438 0.746745 0.019531 0.737630 0.011068 0.731120 0.007812 0.729167 0.007812 0.728516 0.008464 0.727214 0.008464 0.724609 0.009766 0.722656 0.009766 0.720052 0.011068 0.716146 0.011068 0.715495 0.011719 0.714193 0.011719 0.714193 0.012370 0.712891 0.013672 0.710286 0.014974 0.708984 0.014974 0.707031 0.016276 0.705729 0.016276 0.703776 0.017578 0.699219 0.017578 0.698568 0.018229 0.695312 0.018229 0.694661 0.018880 0.692708 0.018880 0.691406 0.019531 0.689453 0.021484 0.689453 0.022786 0.688802 0.023438 0.688802 0.027995 0.688151 0.028646 0.688151 0.035156 0.688802 0.035156 0.690755 0.037109 0.692057 0.039714 0.692708 0.042969 0.694661 0.046224 0.695964 0.046875 0.705729 0.046875 0.710938 0.044271 0.712891 0.044271 0.713542 0.043620 0.714844 0.043620 0.715495 0.042969 0.716797 0.042969 0.717448 0.042318 0.718750 0.042318 0.721354 0.041016 0.725911 0.040365 0.730469 0.037760 0.735677 0.036458 0.737630 0.035156 0.738932 0.035156 0.741536 0.033854 0.744141 0.031250 0.746094 0.027344 0.748047 0.025391
1 0.996745 0.386719 0.993490 0.389974 0.992839 0.389974 0.992188 0.390625 0.991536 0.390625 0.988281 0.393880 0.987630 0.393880 0.986328 0.395182 0.986328 0.395833 0.985677 0.396484 0.985677 0.397786 0.985026 0.398438 0.985026 0.399740 0.984375 0.400391 0.984375 0.404948 0.985026 0.405599 0.985026 0.406901 0.985677 0.407552 0.985677 0.409505 0.986328 0.410156 0.986328 0.412760 0.986979 0.413411 0.986979 0.415365 0.988281 0.416667 0.988281 0.417318 0.988932 0.417969 0.988932 0.418620 0.989583 0.419271 0.989583 0.419922 0.991536 0.421875 0.991536 0.422526 0.992188 0.423177 0.993490 0.423177 0.994141 0.423828 0.995443 0.423828 0.996745 0.425130 0.999349 0.425130 0.999349 0.386719
0 0.311849 0.022135 0.305990 0.029297 0.305990 0.031901 0.305339 0.032552 0.305339 0.039062 0.305990 0.039714 0.305990 0.042969 0.311849 0.057292 0.314453 0.059896 0.315755 0.063151 0.320964 0.069010 0.320964 0.070312 0.322266 0.072917 0.322917 0.078125 0.328776 0.082682 0.330078 0.082682 0.332682 0.083984 0.349609 0.083984 0.352865 0.081380 0.355469 0.080729 0.358073 0.078125 0.358073 0.075521 0.358724 0.074870 0.358724 0.057943 0.358073 0.057292 0.358073 0.054036 0.357422 0.053385 0.357422 0.050781 0.356120 0.048177 0.355469 0.044271 0.354167 0.042969 0.353516 0.040365 0.352214 0.039062 0.350260 0.034505 0.347005 0.030599 0.346354 0.028646 0.340495 0.023438 0.337891 0.022135 0.336589 0.022135 0.333984 0.020833 0.332031 0.020833 0.329427 0.019531 0.327474 0.019531 0.326823 0.018880 0.321615 0.018880 0.319661 0.020182
1 0.495443 0.007812 0.495443 0.016927 0.496094 0.017578 0.496094 0.019531 0.499349 0.022786 0.499349 0.023438 0.501953 0.026042 0.502604 0.026042 0.503255 0.026693 0.505208 0.027344 0.507812 0.029948 0.508464 0.029948 0.509115 0.029297 0.509766 0.029297 0.510417 0.028646 0.511068 0.028646 0.511719 0.027995 0.512370 0.027995 0.515625 0.026042 0.516927 0.026042 0.517578 0.025391 0.526042 0.025391 0.526693 0.024740 0.529297 0.024740 0.529948 0.024089 0.532552 0.024089 0.533203 0.023438 0.534505 0.023438 0.537109 0.020833 0.537109 0.020182 0.537760 0.019531 0.537760 0.014974 0.537109 0.014323 0.537109 0.013021 0.536458 0.012370 0.535807 0.010417 0.532552 0.007161 0.531901 0.007161 0.529948 0.005859 0.517578 0.005859 0.516927 0.005208 0.511719 0.005208 0.511068 0.004557 0.506510 0.004557 0.505859 0.005208 0.500651 0.005208 0.500000 0.005859 0.498047 0.005859 0.497396 0.006510 0.496745 0.006510
1 0.197266 0.005208 0.195312 0.007161 0.195312 0.007812 0.194010 0.009766 0.194010 0.012370 0.193359 0.013021 0.193359 0.014323 0.192708 0.014974 0.192708 0.020833 0.194010 0.022786 0.194010 0.026042 0.194661 0.026693 0.194661 0.030599 0.195312 0.031250 0.195312 0.032552 0.195964 0.033203 0.195964 0.036458 0.196615 0.037109 0.196615 0.039062 0.197266 0.039714 0.197266 0.041016 0.197917 0.041667 0.197917 0.042318 0.198568 0.042969 0.199219 0.042969 0.199870 0.043620 0.201172 0.043620 0.203125 0.044922 0.207682 0.044922 0.208333 0.045573 0.208984 0.045573 0.209635 0.044922 0.212240 0.044922 0.212891 0.044271 0.214844 0.044271 0.215495 0.043620 0.216797 0.043620 0.217448 0.042969 0.219401 0.042969 0.220052 0.042318 0.221354 0.042318 0.222656 0.041016 0.223307 0.041016 0.223958 0.040365 0.223958 0.039062 0.224609 0.038411 0.224609 0.036458 0.225260 0.035807 0.225260 0.034505 0.224609 0.033854 0.224609 0.031250 0.223958 0.030599 0.223958 0.027995 0.223307 0.027344 0.223307 0.024740 0.222656 0.024089 0.222656 0.022135 0.222005 0.021484 0.222005 0.020182 0.221354 0.019531 0.221354 0.018880 0.217448 0.015625 0.217448 0.014974 0.216146 0.013021 0.216146 0.011719 0.215495 0.011068 0.215495 0.010417 0.213542 0.008464 0.212891 0.008464 0.211589 0.007161 0.210938 0.007161 0.208984 0.005859 0.207031 0.005859 0.206380 0.005208 0.203776 0.005208 0.203125 0.004557 0.201172 0.004557 0.200521 0.005208
1 0.977865 0.638021 0.977214 0.638672 0.977865 0.639323 0.977865 0.643880 0.979167 0.645182 0.979167 0.645833 0.980469 0.647135 0.980469 0.647786 0.983724 0.651042 0.983724 0.651693 0.984375 0.652344 0.984375 0.652995 0.985026 0.653646 0.985026 0.654948 0.986328 0.656250 0.986328 0.656901 0.986979 0.656901 0.988932 0.658854 0.988932 0.659505 0.991536 0.662109 0.991536 0.662760 0.996094 0.662760 0.996745 0.663411 0.999349 0.663411 0.999349 0.636068 0.992188 0.636068 0.991536 0.635417 0.990885 0.636068 0.988281 0.636068 0.987630 0.636719 0.985026 0.636719 0.984375 0.637370 0.981120 0.637370 0.980469 0.638021
1 0.781250 0.277995 0.778646 0.276042 0.776693 0.276042 0.774089 0.274740 0.769531 0.274740 0.768880 0.274089 0.766927 0.274089 0.766276 0.273438 0.764323 0.273438 0.763672 0.272786 0.753255 0.272786 0.752604 0.273438 0.749349 0.273438 0.748698 0.274089 0.744792 0.274089 0.742188 0.275391 0.736979 0.276042 0.736328 0.276693 0.729818 0.276693 0.725911 0.278646 0.719401 0.285156 0.718099 0.290365 0.718750 0.291016 0.720052 0.296224 0.722656 0.299479 0.723307 0.301432 0.731120 0.309245 0.733073 0.309245 0.733724 0.309896 0.737630 0.309896 0.738281 0.310547 0.761068 0.311198 0.761719 0.310547 0.764323 0.310547 0.770182 0.307292 0.772786 0.306641 0.772786 0.304688 0.773438 0.304036 0.773438 0.302083 0.774089 0.301432 0.773438 0.300130 0.773438 0.296224 0.774740 0.294922 0.779297 0.292318 0.782552 0.288411 0.782552 0.286458 0.783203 0.285156 0.782552 0.284505 0.782552 0.281901 0.781901 0.281250 0.781901 0.279297
3 0.725260 0.278646 0.719401 0.285156 0.718750 0.291667 0.720703 0.296875 0.724609 0.302734 0.729167 0.306641 0.729818 0.317708 0.733724 0.322917 0.737630 0.325521 0.744141 0.332682 0.751953 0.345052 0.760417 0.353516 0.761068 0.355469 0.766927 0.358724 0.768880 0.361328 0.770182 0.361328 0.774089 0.363932 0.776693 0.363281 0.777995 0.361979 0.779948 0.356771 0.785807 0.350260 0.785156 0.333333 0.777995 0.324219 0.774089 0.317057 0.768880 0.311849 0.766927 0.305339 0.767578 0.300781 0.770833 0.296224 0.774740 0.292969 0.780599 0.290365 0.781901 0.287109 0.781901 0.281901 0.780599 0.277995 0.779297 0.276693 0.776693 0.276693 0.774089 0.275391 0.769531 0.275391 0.766927 0.274089 0.753906 0.273438 0.753255 0.274089 0.746745 0.274089 0.737630 0.276693 0.729818 0.276693
1 0.766927 0.000000 0.766927 0.003255 0.765625 0.004557 0.763672 0.005208 0.762370 0.007812 0.766927 0.013672 0.766927 0.018229 0.768229 0.020833 0.770182 0.022786 0.770182 0.023438 0.777995 0.031250 0.778646 0.031250 0.780599 0.033203 0.781250 0.033203 0.784505 0.036458 0.789714 0.037109 0.791016 0.037760 0.794271 0.041016 0.796875 0.041667 0.801432 0.044271 0.804036 0.044271 0.804688 0.044922 0.812500 0.044922 0.815104 0.042318 0.815755 0.041016 0.815755 0.034505 0.815104 0.033854 0.815104 0.031901 0.814453 0.031250 0.814453 0.029948 0.813802 0.029297 0.813802 0.027995 0.813151 0.027344 0.813151 0.026042 0.812500 0.025391 0.811198 0.020182 0.808594 0.015625 0.806641 0.013672 0.806641 0.013021 0.804036 0.012370 0.800781 0.009115 0.800130 0.009115 0.795573 0.003906 0.792318 0.003906 0.791667 0.004557 0.785156 0.004557 0.784505 0.003906 0.781250 0.003906 0.780599 0.003255 0.778646 0.003255 0.776693 0.001953 0.776693 0.000000
1 0.632161 0.132161 0.631510 0.132812 0.631510 0.133464 0.630859 0.134115 0.630859 0.135417 0.630208 0.136068 0.630208 0.137370 0.629557 0.138021 0.629557 0.139323 0.628906 0.139974 0.628906 0.141276 0.628255 0.141927 0.628255 0.142578 0.627604 0.143229 0.627604 0.151042 0.628906 0.152344 0.630859 0.152344 0.631510 0.152995 0.634115 0.152995 0.634766 0.153646 0.636068 0.153646 0.636719 0.154297 0.640625 0.154297 0.641276 0.153646 0.642578 0.153646 0.643880 0.152344 0.643880 0.151693 0.644531 0.151042 0.644531 0.143229 0.643880 0.142578 0.643880 0.140625 0.643229 0.139974 0.643229 0.139323 0.638021 0.134115 0.637370 0.134115 0.636719 0.133464 0.636068 0.133464 0.635417 0.132812 0.634115 0.132812 0.633464 0.132161
0 0.197266 0.007161 0.194010 0.010417 0.194010 0.011068 0.192708 0.013021 0.192708 0.016927 0.192057 0.017578 0.192057 0.019531 0.192708 0.020182 0.192708 0.022135 0.193359 0.022786 0.193359 0.024740 0.194010 0.025391 0.194010 0.028646 0.194661 0.029297 0.194661 0.031901 0.195312 0.032552 0.195312 0.035156 0.195964 0.035807 0.195964 0.037760 0.196615 0.038411 0.196615 0.039714 0.197266 0.040365 0.197917 0.042318 0.198568 0.042318 0.199219 0.042969 0.201172 0.042969 0.201823 0.043620 0.204427 0.043620 0.205078 0.044271 0.214844 0.044271 0.215495 0.043620 0.216797 0.043620 0.217448 0.042969 0.219401 0.042969 0.220052 0.042318 0.223307 0.041016 0.223958 0.040365 0.223958 0.039062 0.224609 0.038411 0.224609 0.032552 0.223958 0.031901 0.223958 0.029297 0.223307 0.028646 0.223307 0.026693 0.222656 0.026042 0.222656 0.023438 0.222005 0.022786 0.222005 0.021484 0.221354 0.020833 0.221354 0.019531 0.218099 0.016276 0.218099 0.015625 0.216797 0.014323 0.216797 0.013672 0.215495 0.012370 0.215495 0.011719 0.213542 0.009766 0.212891 0.009766 0.211589 0.008464 0.210938 0.008464 0.209635 0.007161 0.208984 0.007161 0.208333 0.006510 0.199219 0.006510 0.198568 0.007161
1 0.496745 0.009115 0.496745 0.010417 0.496094 0.011068 0.496094 0.017578 0.496745 0.018229 0.496745 0.019531 0.497396 0.020182 0.498047 0.020182 0.499349 0.021484 0.499349 0.022135 0.500000 0.022786 0.500000 0.024089 0.505208 0.028646 0.505208 0.029297 0.506510 0.030599 0.506510 0.031250 0.507812 0.032552 0.508464 0.032552 0.509766 0.033854 0.510417 0.033854 0.511068 0.034505 0.511068 0.035156 0.511719 0.035156 0.513021 0.036458 0.514323 0.036458 0.518229 0.032552 0.524089 0.032552 0.524740 0.031901 0.525391 0.031901 0.528646 0.028646 0.529297 0.028646 0.529948 0.027995 0.532552 0.027995 0.533203 0.027344 0.534505 0.027344 0.537109 0.024740 0.537109 0.024089 0.539062 0.020833 0.539062 0.016927 0.538411 0.016276 0.538411 0.015625 0.537760 0.014974 0.537760 0.014323 0.537109 0.013672 0.535807 0.010417 0.531901 0.006510 0.531250 0.006510 0.530599 0.005859 0.527995 0.005859 0.527344 0.006510 0.516276 0.006510 0.515625 0.005859 0.511719 0.005859 0.511068 0.005208 0.503255 0.005208 0.502604 0.005859 0.501302 0.005859 0.500651 0.006510 0.497396 0.007812 0.497396 0.008464
1 0.494141 0.007812 0.494792 0.008464 0.494792 0.011068 0.495443 0.011719 0.495443 0.016927 0.496094 0.017578 0.496094 0.019531 0.496745 0.020182 0.496745 0.020833 0.499349 0.023438 0.499349 0.024089 0.501302 0.026042 0.501953 0.026042 0.502604 0.026693 0.503906 0.026693 0.504557 0.027344 0.506510 0.027995 0.507812 0.029297 0.508464 0.028646 0.508464 0.027995 0.509766 0.026693 0.510417 0.026693 0.511719 0.025391 0.512370 0.025391 0.513021 0.024740 0.514974 0.024740 0.515625 0.024089 0.525391 0.024089 0.526042 0.023438 0.526693 0.023438 0.528646 0.021484 0.529297 0.021484 0.531250 0.020182 0.533203 0.020182 0.533854 0.019531 0.535156 0.019531 0.535807 0.018880 0.535807 0.014323 0.535156 0.013672 0.535156 0.012370 0.534505 0.011719 0.534505 0.011068 0.533203 0.009766 0.533203 0.009115 0.530599 0.006510 0.526042 0.006510 0.525391 0.007161 0.523438 0.007161 0.522786 0.006510 0.518880 0.006510 0.518229 0.005859 0.514323 0.005859 0.513672 0.005208 0.510417 0.005208 0.509766 0.004557 0.501953 0.004557 0.501302 0.005208 0.498047 0.005208 0.497396 0.005859 0.496094 0.005859
